-1.30206 -0.142652 
2.04571 -0.950658 
1.36087 0.883846 
-1.20216 1.2859 
1.26151 -0.269226 
0.0790665 -0.188516 
-2.06096 -0.0571844 
0.982054 -1.9044 
1.43516 0.248333 
-0.85165 0.347734 
0.597251 0.704608 
-0.808722 -1.33496 
-1.98713 0.696494 
1.29978 -0.649856 
1.36137 -0.0763052 
-1.10508 1.48341 
0.0698124 0.837419 
0.369077 -0.593869 
-2.72162 0.580572 
1.18485 -1.50473 
0.916478 1.31209 
-0.456892 -0.868199 
-0.586988 1.17486 
2.28624 -0.208403 
-1.79921 -0.460296 
2.14591 -0.577729 
0.799912 1.81791 
-0.867784 -0.00228321 
-0.408227 0.495984 
0.281024 -1.25462 
-0.936774 -1.38163 
1.82875 0.405142 
-0.91657 0.458748 
-0.270562 0.775345 
0.836803 0.957109 
1.30348 -0.623517 
-1.08061 -1.26471 
2.24386 -1.11485 
-1.27244 1.76277 
-0.937561 0.516298 
1.03548 2.15899 
0.197391 -1.71029 
0.409503 -1.38421 
0.144795 0.382676 
-0.611823 -0.063464 
-1.50047 0.187633 
0.597893 1.59818 
0.739878 -0.292114 
-0.530217 -0.0590161 
0.788255 -0.0218289 
-1.29999 2.41342 
-1.28345 0.869998 
1.47681 2.4992 
1.21147 -0.682391 
0.160632 -1.1639 
1.00739 0.797751 
0.437114 0.475787 
-1.70702 -1.32754 
0.274723 1.66822 
2.03985 -1.1003 
-0.426672 -1.34072 
0.165089 0.355862 
-0.7279 0.397247 
-1.30085 -0.13583 
-0.470341 2.08783 
0.865 -1.26017 
-0.704233 0.178837 
-0.292277 1.14625 
-2.03705 0.231724 
-1.09624 -0.411021 
0.149154 1.29171 
1.49365 -0.77452 
-0.670599 -0.535879 
-1.51323 1.8683 
-0.958821 -0.302172 
1.22855 -2.01469 
0.022038 0.710139 
1.03628 1.17579 
-0.693861 -1.18334 
1.48503 1.21912 
-0.908 -0.408084 
1.2557 -1.00166 
-0.356366 -2.58144 
-0.755892 1.93345 
-0.609625 -1.14546 
0.560251 -0.574461 
-1.05919 0.506318 
1.14637 0.0556599 
0.165078 1.51032 
1.36396 1.43257 
-0.739568 -0.777727 
0.165858 0.686555 
0.163632 1.60148 
-0.552792 -0.849584 
0.25742 0.850585 
2.04204 1.17734 
-0.073165 -2.03955 
0.712041 -0.355586 
-0.866019 -0.618001 
0.45588 -0.170455 
-0.824531 2.40442 
1.3108 -0.582538 
-1.70996 -1.01222 
-0.0486621 -1.65514 
0.138658 -0.518232 
-0.0142425 -1.16624 
-0.297664 0.7547 
1.29271 0.829494 
-0.953071 -1.08043 
1.51931 0.106801 
-1.15425 -0.0265152 
-0.102505 -1.00006 
-0.700084 0.339077 
1.51895 -0.564375 
-1.56613 0.10218 
1.35557 -0.694865 
1.2946 1.6698 
0.0591109 -2.20873 
-0.622614 0.441014 
0.0319813 1.22374 
-1.43215 0.338239 
0.693349 -1.0717 
1.32675 0.679851 
0.389845 -1.92959 
-0.563098 -1.4169 
0.938534 1.05424 
-1.71427 -1.85558 
0.0710786 -0.687232 
-0.527261 0.864404 
1.68682 -1.5295 
-2.25898 -0.156484 
0.804774 2.54891 
-1.38008 -0.051984 
0.651318 -0.878739 
-0.312493 1.42534 
0.593023 -2.72958 
-0.741325 -0.457179 
0.739985 0.063416 
-1.6024 -0.292213 
0.348863 -1.76653 
1.76063 0.666139 
-0.441395 -1.19553 
-2.81584 0.255435 
0.142324 2.04428 
0.110085 1.07051 
-0.269915 -0.317849 
1.16571 -0.426185 
-1.14607 -1.28939 
-0.958435 0.519922 
2.00119 0.786188 
-0.205164 1.86807 
-1.18454 0.557246 
1.65473 -0.419624 
-0.0811531 -1.5822 
-0.858579 -0.221536 
1.60298 -0.163734 
-0.839928 1.23393 
-0.867497 -1.13895 
1.96147 -0.245007 
0.137654 -1.01526 
0.0913012 0.519873 
1.80881 -0.65074 
0.460106 0.194845 
-2.21495 -0.254413 
0.38344 -1.46051 
-0.119644 -0.962073 
-0.491585 1.82069 
1.1846 0.768089 
-1.8193 0.920088 
-1.00498 -1.51819 
1.02708 -0.594241 
-0.0927671 0.549623 
0.603205 2.50659 
1.71398 -0.261566 
-0.290265 1.70994 
-0.380912 -2.09205 
0.410034 -0.083437 
-1.5546 -0.5798 
2.20829 0.81301 
0.588738 -0.71669 
-0.444995 -0.301372 
-0.34226 -1.42143 
1.53177 -1.59084 
-1.32218 -1.07134 
1.22977 1.85349 
0.869344 0.214156 
-1.79029 0.776402 
-1.03635 -0.817991 
0.505081 0.883185 
-0.606433 -2.73521 
-0.124501 0.993615 
1.59679 -0.178498 
0.0950518 1.46598 
-0.848271 0.0477738 
1.14563 0.151032 
-1.61637 -1.02091 
1.10143 2.25315 
-1.23367 -1.50287 
-0.310537 1.80242 
-0.0999082 -0.712719 
0.532258 0.71955 
-0.556154 -0.941628 
-0.451853 0.295199 
0.512219 -0.0767705 
0.129236 1.06263 
-1.79967 -1.3478 
0.863113 -1.20844 
1.49017 -3.15327 
-0.534962 0.913213 
0.545966 0.144585 
0.772714 1.11411 
-2.21084 0.0339342 
-0.942655 -0.804125 
-1.32206 -1.54343 
-0.246474 0.774475 
1.13005 1.29771 
0.117546 1.18844 
-2.092 -0.18321 
-0.343521 -2.09419 
-0.217226 -1.30944 
-0.382314 0.428545 
1.50171 0.406609 
0.685429 2.18299 
-1.59058 1.18487 
-0.584044 -0.978077 
0.147067 -1.14019 
-0.377023 -0.049875 
1.68241 0.332354 
-0.593334 1.89182 
-0.827969 1.11232 
0.875869 -1.13394 
-1.04661 -0.152748 
-0.080603 0.705993 
-0.0633763 -0.6543 
1.71745 0.0402726 
-1.70819 1.12678 
0.496438 -1.22803 
-1.1285 -0.729923 
-0.98282 0.15924 
1.29395 -1.04403 
-0.48183 2.10441 
-0.984268 -1.3244 
-0.507345 -0.684387 
-1.52544 -1.50984 
-0.720682 1.33054 
2.5219 -0.748196 
0.54366 -1.59517 
-1.11872 1.10468 
-0.850779 -1.67899 
-1.06001 -1.61664 
0.010387 1.21527 
1.39492 -0.904298 
1.50113 0.797141 
-1.12029 0.297291 
-0.319641 -0.792784 
-2.15236 -0.696419 
-0.330883 0.488283 
1.21754 -0.684146 
0.282915 0.0860014 
-1.94854 -0.71398 
0.900729 -1.63642 
-0.494411 -1.4417 
-0.0535495 -0.0739689 
1.38419 -0.0206966 
0.498329 0.623331 
-1.52216 1.55109 
0.333051 -1.0468 
-0.184303 -0.5154 
-1.09306 0.698223 
1.9512 0.249977 
1.20754 0.914873 
-0.164227 1.0128 
0.501181 -2.47677 
-0.817924 -1.51773 
-0.628995 0.461901 
-0.0220548 0.503344 
0.661516 1.8524 
-1.99593 1.40536 
0.77251 -2.12923 
-1.30267 -2.01544 
-0.721219 0.267208 
1.29241 1.02573 
0.183593 1.07854 
-0.717609 0.872783 
1.37737 -0.424657 
-1.42532 -1.42312 
-0.0806394 1.53712 
0.864155 -0.551557 
1.0035 0.702168 
-0.601265 1.31948 
-1.22427 -1.01302 
-0.968815 -0.654464 
-0.694834 2.16669 
1.09994 -1.37799 
0.933528 1.28058 
-0.646698 1.28708 
-0.297035 -1.06161 
-1.44309 0.304538 
2.01758 1.02814 
0.679126 -0.301268 
1.65732 0.0462658 
-0.648807 0.465941 
-1.36326 -1.39454 
0.270294 -1.60815 
0.239223 1.1399 
0.869334 0.250779 
0.420812 0.585223 
-1.45334 1.11124 
-1.10851 -1.83997 
-0.997061 0.0598215 
1.20262 0.432913 
0.897665 -2.40434 
1.6325 1.01838 
0.656932 0.437266 
-0.134539 -3.16608 
-1.26542 -0.676023 
-1.0285 -0.0218851 
0.857799 -1.66655 
0.443001 1.26961 
-1.43585 -0.0777725 
-0.0829692 -0.454078 
0.0174563 -0.886161 
-0.965377 0.426955 
0.586265 0.199601 
1.31266 0.436413 
-0.474227 1.57564 
0.909156 -1.53749 
-0.85669 -0.619131 
-1.2501 1.10039 
0.392308 -0.288978 
1.75581 0.972663 
-2.05575 0.318602 
0.532877 -0.36248 
-0.742911 0.109047 
0.267103 0.954094 
1.34622 -1.79134 
0.104274 -0.990617 
-1.59227 -0.667593 
0.693232 -1.85717 
0.846903 -1.12291 
-0.878673 0.565113 
0.055479 1.20999 
2.07875 0.451283 
0.370759 0.222698 
-0.180792 -2.06999 
0.123591 -2.23104 
-1.7524 -0.446017 
-0.21436 1.46371 
2.05193 0.427847 
-1.3005 0.89676 
0.689594 -0.726478 
0.751496 -1.58154 
-1.1669 -0.30036 
2.62254 0.426527 
1.17132 -1.11251 
0.390786 1.83751 
0.0254046 -1.88327 
-1.01542 -0.644755 
-1.07749 0.826218 
0.146616 0.00788971 
1.08845 -0.90745 
0.845695 1.83172 
0.229672 -1.0392 
0.117295 -1.90007 
-2.24575 0.462232 
-1.51953 1.04633 
0.774774 -2.48159 
1.19374 0.572347 
-1.45478 -0.996911 
-1.88868 -1.08112 
-1.8013 1.23406 
1.79114 0.45683 
0.119225 0.132402 
0.0355712 1.54961 
-2.29465 -1.90291 
0.162511 -1.57222 
-1.84075 0.101607 
0.905669 0.655129 
0.196992 -0.893165 
-0.149659 1.0079 
-1.33617 -1.77703 
-1.20881 0.189575 
-1.85156 0.968146 
1.43551 0.151874 
0.046486 -1.33914 
0.384289 0.984534 
-0.904054 -0.698516 
-0.346984 -1.68852 
-1.27667 0.248891 
0.948192 -0.480476 
1.64691 -2.19716 
0.134972 2.24483 
-2.74485 0.49119 
0.64296 -0.979532 
-0.442709 -1.39371 
1.46477 1.42526 
1.99743 0.580272 
-1.29061 0.582304 
0.657397 -0.753113 
1.28642 -0.87673 
-0.721459 0.481077 
0.489229 1.37158 
1.13089 0.169082 
-1.60975 -0.137863 
0.734735 -0.714308 
0.392358 -1.86336 
-1.4372 0.144681 
1.89554 2.15867 
0.484007 0.887341 
-1.59026 -0.0322861 
-0.450831 -2.64275 
-0.570769 0.285176 
0.62927 1.61911 
1.01201 0.00456932 
2.37351 -0.126845 
-1.61716 -0.690949 
-1.54705 -1.56918 
-1.4774 -0.043016 
-1.25552 0.762379 
0.763231 1.51282 
2.27104 0.600289 
-0.698841 -0.662369 
0.95856 -1.95173 
0.0478053 -0.625449 
-1.0722 0.968298 
0.380958 1.558 
-0.422792 0.183204 
-1.85536 -0.0176018 
-0.0703218 -1.93468 
0.130556 -1.2992 
-0.541134 0.901367 
0.806168 1.25395 
1.53034 1.6948 
0.385777 -0.331232 
1.48307 -1.42102 
-0.609018 -0.182611 
-1.69289 0.343615 
1.2983 0.500136 
0.168576 1.44752 
-1.16348 -0.610632 
0.481595 -1.21473 
-0.611528 -0.454427 
-0.265215 0.860567 
0.993123 -0.209369 
0.0177731 0.268026 
-0.0730405 -1.33785 
1.3077 -1.56322 
-1.24048 0.3795 
-0.877546 1.70306 
0.656647 0.622022 
0.270651 -0.0394377 
0.370941 -1.57869 
2.22516 -0.896865 
-1.6454 0.595311 
1.33275 0.542814 
0.730907 -0.696898 
0.137869 -0.484271 
0.834898 -2.00386 
1.16644 -0.352221 
-0.546782 -0.33474 
-0.646656 1.28371 
1.02637 0.539085 
0.0261164 0.363637 
-2.07609 -0.892754 
2.21654 -0.0568238 
-1.41402 0.963184 
-0.444671 2.02672 
1.17791 0.831164 
0.0106885 -0.311137 
0.406953 -1.86571 
1.65733 -0.895731 
-1.66062 -0.922792 
-1.98994 1.30771 
2.84613 -0.0188921 
-0.239084 0.443655 
0.39534 -1.38145 
0.405041 0.880318 
-1.87886 0.169704 
-0.452309 3.04775 
0.366322 -0.417626 
0.499678 1.8519 
-0.122266 -1.31546 
0.805691 0.331464 
-1.2344 1.1162 
1.5487 1.71444 
-1.80822 -0.759775 
-0.40608 2.42483 
0.987725 -0.712903 
2.88576 -0.443621 
0.201893 1.0603 
1.07609 0.660847 
-0.461443 -0.770208 
0.98017 1.58567 
-0.757694 -0.575244 
0.149228 -2.27643 
-0.366417 1.02251 
1.44709 0.185551 
-0.299378 -0.357558 
1.39661 1.36052 
-0.629895 -0.277098 
-0.0445 -1.79679 
-1.73683 -0.108134 
-0.824797 1.40326 
-0.664415 -1.50439 
0.458581 0.632446 
-1.26216 -0.615079 
1.89593 -0.583683 
-1.84046 -2.10623 
-0.807104 1.6299 
0.205731 -0.414491 
0.534254 1.50316 
-1.37596 1.42719 
0.710894 -1.07829 
-1.75169 -0.174824 
1.97801 1.69328 
0.452148 -1.58979 
0.652598 2.05409 
-1.3352 -0.419271 
2.04381 -0.314621 
-1.85834 0.437119 
0.085562 0.924413 
0.392888 -0.9885 
-1.03741 -0.144079 
-0.818093 -0.810068 
1.54622 -0.921461 
-0.72704 -1.64232 
-0.650076 0.296698 
1.53055 0.598472 
1.5184 -0.108293 
-0.781145 -0.0745967 
0.226534 -0.83984 
-0.808832 -1.56731 
0.31451 1.50339 
0.770213 -0.406038 
0.752193 0.773137 
-0.96993 -0.985081 
1.52133 -0.647955 
-0.902248 0.519462 
1.00065 2.04726 
-0.301206 0.155105 
1.72266 0.902484 
-0.879628 -0.455776 
0.727829 -1.73552 
-2.25585 -1.44088 
-0.868435 2.19574 
-0.0867814 -0.299535 
2.30138 -0.628684 
-1.01256 1.07347 
-0.470111 0.217813 
-0.793111 -0.543411 
1.44762 -0.00583064 
1.03209 -1.17528 
0.918802 0.628116 
-0.8102 1.91161 
-0.141973 -1.34882 
-0.70085 0.113114 
0.450494 0.453979 
0.47992 -2.27655 
2.2011 0.482694 
-0.758017 0.693934 
0.457385 -1.82832 
-1.00196 1.82612 
1.52305 0.637105 
0.174229 -0.0847474 
2.13108 -0.946144 
0.803514 0.59543 
-1.26694 -1.13084 
-0.595683 -0.856986 
-1.1056 2.06477 
0.761396 1.20503 
1.35895 0.00623575 
-0.728153 2.2305 
-0.265696 -1.01508 
-2.43152 -1.15925 
-0.748405 0.191089 
1.19387 -1.35306 
1.02015 1.39925 
-1.54566 1.15714 
1.54097 -0.698401 
-1.29446 -0.557146 
-0.871407 0.319675 
-0.0553829 -1.67386 
2.23961 0.105382 
0.24283 0.165777 
-0.512634 -1.09508 
-1.32931 0.937057 
-0.32817 1.60367 
-1.33506 -2.34953 
0.381608 0.0046706 
-1.12361 1.41596 
0.275383 -1.4751 
-1.47557 -0.152679 
-0.677893 0.89105 
-1.33007 -1.43948 
1.02695 1.23617 
-1.2495 0.563131 
0.744783 -1.3466 
-0.228926 1.00697 
1.77686 -1.97947 
-0.724324 -1.25474 
1.6201 1.2447 
-1.04833 0.284019 
0.954622 -0.495375 
-0.398876 1.35998 
0.738784 0.571043 
0.424756 -0.239006 
0.758914 1.15335 
-1.12352 -1.65641 
0.71722 -1.3383 
-1.51382 1.07897 
0.506056 1.25706 
0.313585 -1.35659 
-0.909851 1.09883 
-0.951984 -0.417191 
0.614764 -1.45862 
-0.817655 1.71238 
1.68222 0.010159 
-0.871937 -0.886229 
1.41974 0.925516 
0.179986 -0.974141 
1.05368 -1.62704 
-0.17262 1.64815 
2.10518 0.0213749 
0.134344 0.702427 
1.78762 -1.34356 
-0.593743 1.43105 
-0.1468 -1.91036 
0.580256 0.643763 
-0.242884 -2.03591 
-0.930088 -0.346954 
0.864679 2.19925 
-1.73461 0.554955 
-0.745833 0.128204 
-0.858368 1.27612 
2.18026 -0.540945 
0.0283409 0.0969697 
0.143834 0.89875 
-0.999929 -0.469442 
-0.0304706 -2.20656 
0.868707 2.14284 
1.48068 -1.44286 
-2.00679 -0.498064 
1.11951 1.34305 
-1.17284 0.5546 
-0.210853 -1.26464 
1.3727 0.636582 
1.05635 -0.2172 
-1.47212 1.13913 
0.890121 2.16128 
-1.4046 1.65623 
1.11204 -1.13547 
0.482747 1.43839 
0.414601 -1.15442 
-0.346847 0.330443 
0.354293 0.982329 
0.177808 0.29881 
2.49165 0.714578 
1.58619 -0.0558671 
-1.11964 -1.27409 
-1.57211 1.08343 
-1.35121 0.479625 
-0.581782 -0.410854 
1.83016 1.4955 
1.20206 -0.0392969 
0.209917 -1.4296 
0.165726 0.508184 
-0.861828 1.03833 
-0.310912 -1.03484 
1.81787 1.43964 
1.51435 -0.820787 
-0.567953 -1.52855 
1.03317 1.06458 
0.883366 1.52612 
-1.69126 0.155918 
1.17585 -0.47411 
0.0234742 0.39778 
0.260468 -0.469848 
-1.82489 0.641194 
-0.0516818 1.83961 
-1.53196 -0.165975 
1.28933 -1.17543 
1.66183 -0.735017 
0.772285 -1.8105 
-1.64685 0.49736 
1.33516 -0.0011164 
-0.0892441 1.11864 
0.575322 -2.72449 
1.0181 -0.473809 
-0.95021 0.249166 
-0.132293 0.959799 
1.02242 1.23554 
-2.05122 -0.705352 
0.932867 -0.640778 
0.845353 0.944436 
0.220387 -0.310623 
-1.86122 1.06065 
1.74079 0.904772 
-1.0637 0.492119 
-0.17296 -1.78077 
1.62602 -0.80533 
-2.00504 -0.141763 
-0.520777 0.679906 
0.147058 1.79311 
-2.0171 0.0138484 
0.910157 -1.09865 
1.17682 -2.00271 
-0.792018 -1.06386 
-0.0456545 0.694534 
1.51514 0.910162 
-0.217414 1.30877 
-0.0704616 -1.48675 
1.50441 -1.86876 
-1.45435 -1.79422 
-0.234174 0.345269 
0.856062 1.38532 
0.36907 -0.044296 
1.58455 -0.986996 
2.0367 -0.715919 
1.55636 -2.07299 
-0.349743 1.18506 
0.418652 2.64298 
-1.66495 1.50466 
0.451332 -0.399805 
1.32887 0.0638983 
-0.421414 -1.86417 
-0.952873 1.35086 
-0.390917 1.79823 
-1.45811 0.691736 
0.410209 -1.66798 
-0.735041 -1.04048 
-1.0329 1.08378 
1.09907 -0.670247 
0.45952 1.30753 
-0.671678 1.97272 
1.08327 -1.31014 
-0.48397 -0.93587 
-1.30243 0.0605103 
0.15526 0.652741 
0.838221 0.327328 
-1.32568 0.709463 
-1.59646 -1.55569 
0.66292 -1.46857 
-0.81876 0.712707 
2.08347 0.0364426 
2.16391 0.541747 
-0.471653 0.371597 
0.940576 -1.12792 
0.345505 -0.47897 
-2.27799 -0.938574 
0.590018 0.398725 
1.03719 1.15199 
-0.712518 0.998291 
0.22034 -0.415851 
-1.23452 -1.6912 
0.349174 0.692079 
0.838943 -0.019212 
-0.0489189 1.03282 
-1.39179 0.678013 
-0.0785125 -2.47936 
-0.0174873 -1.37437 
0.590849 1.22985 
0.616627 -0.441166 
0.0456296 0.696478 
-1.1171 -1.26278 
1.10053 -0.557158 
-2.15101 -1.72813 
-1.25372 1.78607 
0.175775 -0.301786 
0.105843 1.18856 
-0.35689 -0.556776 
-0.0803934 -0.779004 
-0.98015 0.00856489 
0.854898 0.72701 
0.632347 -0.886817 
-0.351863 2.4985 
-0.626859 -2.12004 
1.17779 -0.625861 
-0.81791 -0.233044 
0.576744 1.01525 
1.69498 -0.372788 
-0.037472 0.759852 
-1.21479 -0.542444 
0.967088 -0.337118 
-1.39586 1.00798 
0.0803428 1.20507 
0.509635 -0.0429675 
1.4458 0.764684 
-1.28379 0.0526359 
0.582215 -0.711002 
-1.41682 0.985548 
1.17928 1.84045 
0.60626 -1.55705 
-0.573409 1.77631 
-1.44043 -0.0792485 
-0.378792 -0.325326 
-0.757122 -0.503042 
1.56248 0.383699 
0.659268 -1.55223 
0.166816 1.46292 
-1.58585 -0.373438 
0.143254 -0.153655 
0.19406 -0.599566 
0.890802 -0.419573 
1.86712 -1.58229 
-1.47028 0.599066 
-1.7764 -0.988061 
0.379951 0.885206 
-1.80556 -0.801597 
1.10949 0.0353447 
0.0554654 -1.18819 
-0.937325 2.15527 
0.484394 -1.41632 
1.50434 -0.300403 
-1.0999 1.60759 
1.95026 -0.429446 
-0.641693 -0.913604 
-1.16896 -1.36498 
1.1457 0.0315312 
0.0193066 0.821605 
-0.387797 2.64146 
0.743212 -0.152831 
-1.6438 0.0296588 
-1.87379 1.14464 
0.428082 -1.38591 
2.62156 -0.577393 
-0.444155 1.51496 
0.462275 -0.351877 
-1.82759 -0.189832 
-0.16846 2.15659 
-0.252717 -1.13147 
1.27723 -0.158127 
0.470191 0.831649 
1.63121 0.234669 
-2.09717 0.586805 
-0.619145 0.676368 
-0.0249186 -1.96192 
1.55827 1.00069 
-0.916594 0.476653 
2.03448 -0.34144 
0.586776 -0.925526 
0.656705 -0.11662 
-1.35942 -1.71021 
0.91097 -1.42334 
-0.199367 0.900745 
0.261106 -0.86147 
-0.587146 0.948496 
-1.81534 1.68691 
-0.465174 -1.50716 
2.84818 -0.0590447 
0.552741 0.383186 
0.37572 -1.5747 
-0.642711 -0.649738 
-0.565691 1.14174 
-0.896502 -1.07362 
2.06964 0.404697 
-0.761622 1.4582 
1.46011 -0.402053 
-0.886076 0.223603 
0.313408 3.39639 
-0.250516 -0.464894 
0.746052 -0.462474 
1.62137 1.37218 
-0.718264 -1.4609 
-1.08745 0.777487 
0.738452 0.71172 
-1.87962 -1.16298 
1.203 -0.924229 
0.206851 1.43664 
0.988127 -1.30596 
-0.777438 -0.107737 
-1.57267 0.696218 
-0.0230837 -0.728294 
-0.466066 1.52813 
1.56755 0.276175 
1.02197 -1.68517 
-0.647255 -0.311659 
-1.04872 0.187811 
1.3022 -0.330469 
2.86058 0.204781 
1.45956 0.914536 
1.61251 -0.745511 
-2.00136 0.746265 
0.430634 1.88602 
-2.33393 -0.518353 
1.62845 -0.0759636 
-0.01245 0.791926 
1.18267 -1.17762 
-0.718227 0.0025538 
-0.97742 1.13708 
-0.992966 -1.09456 
1.06051 -0.245151 
1.7722 -0.197794 
0.237242 -1.11424 
-1.74745 0.754061 
1.13438 1.03825 
-0.793897 -2.53977 
1.52763 -1.86287 
1.24317 0.311436 
-1.16974 -0.780358 
-0.692152 1.25809 
-0.208281 1.26623 
-2.10243 -1.6164 
0.692207 -1.12944 
1.59355 0.958393 
1.10691 -0.344842 
-1.89853 0.176435 
-0.6741 1.19201 
-0.305547 -1.34118 
0.954942 -0.225988 
1.01764 1.46386 
-0.766958 -0.576038 
-0.558987 2.29925 
-0.32387 1.43972 
-1.63927 -1.83225 
0.978192 -0.196541 
0.882843 0.861174 
-0.60545 -0.365732 
-1.71346 0.775608 
-0.778826 2.30616 
-1.55958 -1.43841 
1.14464 -0.46664 
1.97258 0.769621 
-0.351712 -1.94063 
-0.306027 0.633387 
-1.7132 2.06094 
-1.0449 -1.24664 
1.87414 0.0867291 
0.87512 -1.45717 
-0.894397 0.903384 
1.09116 0.333654 
-0.614133 1.92604 
-1.2044 -1.91145 
2.56325 -0.192782 
1.11138 -0.955605 
-0.75966 0.130983 
-0.0315324 0.454669 
0.647098 1.54912 
-1.91835 0.757005 
0.466717 -1.31545 
1.30738 -0.0504865 
-0.491027 -1.7766 
-1.00733 0.0524967 
-0.49729 1.32252 
-0.375324 -1.23836 
0.0993634 -0.547297 
1.61628 0.8653 
1.2462 -1.35481 
-0.170451 0.723828 
0.236488 1.7072 
-1.84542 -0.938115 
1.74774 -0.62987 
0.0234966 1.13668 
-0.464951 1.19211 
0.121265 2.4235 
-1.23976 0.77837 
-0.708729 -0.86861 
1.3883 -1.22539 
2.10813 -0.890044 
-1.34239 0.445809 
0.85804 1.4585 
1.28304 1.50022 
-0.318175 -0.398949 
0.36408 -0.773514 
0.0902021 -1.68526 
-0.798005 0.905856 
1.92775 1.10926 
-1.33855 0.434468 
-1.02568 -2.32619 
0.873138 -0.643722 
1.86032 -1.01561 
-1.14666 -0.620473 
0.116128 0.794464 
-0.872496 1.22109 
-0.150477 -3.02911 
1.67139 2.04528 
-0.158911 -1.36459 
-2.75463 1.28396 
0.578085 0.140479 
-0.674466 -0.065522 
0.178268 -1.38344 
1.14244 0.56129 
1.20807 -1.50433 
-1.46983 -0.898197 
-0.678572 0.956681 
-1.21516 0.207439 
-0.0727733 -1.99617 
1.01536 0.0357683 
0.745621 0.394716 
-1.89879 -1.16946 
0.19438 1.14995 
-1.38392 1.14446 
0.270469 -1.74099 
1.5138 -0.999943 
1.05233 0.640985 
-1.72353 -0.932471 
0.645551 1.50547 
-0.218647 1.33638 
0.304925 -2.02375 
2.69025 0.304792 
0.747513 -0.305672 
-1.5291 -0.00382657 
0.369986 2.61107 
0.873864 1.41369 
0.176303 -1.82818 
3.14896 -0.482556 
0.597116 -0.0383424 
-2.19741 0.198 
0.948402 1.22052 
0.784022 1.11583 
-0.164069 -0.952905 
1.37105 0.206664 
0.102636 -0.362209 
-1.04904 -0.433757 
0.955349 1.75196 
-1.45546 2.65626 
-0.0762369 -1.59041 
1.26841 0.803176 
0.901988 -1.8778 
-1.44525 -0.149577 
-0.725962 1.26079 
-1.65244 1.06613 
-2.58182 -0.132317 
0.771805 -1.80727 
1.18228 -1.08157 
-0.352619 -2.12285 
-0.0587419 0.94547 
0.849545 0.941219 
-1.1047 0.00181302 
1.57705 -0.883262 
1.18494 -1.06675 
-1.21659 -1.18853 
0.227984 0.811826 
1.64048 0.886567 
-0.488858 -0.390727 
0.838295 -0.460672 
0.743703 1.6725 
-1.20648 -1.39374 
-1.59114 0.863899 
-1.03005 0.518258 
-1.80587 -1.91845 
0.797583 -2.4828 
0.794632 0.383314 
0.211809 -0.56178 
-0.416046 -0.422936 
-0.47212 1.5904 
-1.13532 0.305659 
1.14943 -0.683051 
1.46446 -0.669586 
-1.29924 -1.21968 
-0.565228 -0.158203 
0.321135 2.05435 
-0.712733 0.788901 
0.659665 -0.0711325 
1.98489 -0.359595 
-1.22659 -0.875461 
-1.15851 0.432966 
0.195295 1.80037 
-1.96925 0.0928846 
0.698423 -0.0236294 
0.493065 -1.16367 
-2.53568 -1.12572 
1.05923 -0.653634 
0.477295 0.793017 
-2.59468 0.00984388 
-0.52583 -1.38992 
1.34257 -0.532269 
-1.22339 -0.00136849 
1.69571 0.999674 
0.35904 1.21131 
-0.4634 1.03244 
0.0635272 -1.36238 
2.57276 -0.985193 
-1.38544 -0.369558 
1.44923 1.65635 
0.457123 0.660758 
-2.42828 -0.167109 
0.358414 -1.33595 
0.614359 -0.78571 
-0.432472 -1.14705 
-1.79089 1.68205 
1.51268 1.91736 
-1.17797 0.35014 
0.11147 -0.453447 
0.499385 1.06759 
-0.502097 -0.117716 
-1.12084 0.0216287 
-2.07325 1.286 
-2.58114 -0.644793 
0.502558 -1.08239 
0.440971 0.343615 
-1.46454 -0.619316 
0.0599449 1.51933 
-0.99443 1.36231 
-2.40808 0.540849 
-0.587788 -1.05441 
1.73499 0.178548 
1.06756 -0.777154 
0.495545 0.628445 
-0.0663036 0.618996 
-1.82582 0.912785 
0.310785 -0.435367 
0.946314 1.16422 
-0.0283589 -1.70499 
-2.21341 1.42001 
-0.624292 -0.350899 
-2.93814 -0.250185 
-0.629259 -0.761635 
0.984405 1.60887 
0.649138 0.63373 
-2.34271 0.909159 
0.823857 -0.470693 
-1.09283 1.15866 
0.146923 -1.77454 
0.911564 0.970457 
1.94203 0.0257023 
-0.300376 -0.751064 
0.154832 -1.09878 
-1.37028 1.3164 
-0.802699 -1.66901 
0.63606 2.09943 
1.61749 0.458775 
-0.48984 0.0147801 
-0.104565 0.0744576 
-1.03264 1.51637 
-1.40046 -0.360601 
1.39446 -0.274183 
0.659003 -2.23811 
0.60739 0.862942 
0.255661 0.075734 
-1.21337 1.26858 
-0.789885 -1.62696 
-0.81959 0.973163 
1.28726 -1.28068 
-0.792934 -0.361348 
0.853756 0.539983 
-1.05273 -0.403783 
1.36581 -0.520582 
1.80642 -0.281209 
0.12868 -2.15253 
-0.997668 1.30152 
0.458599 0.636203 
-1.84756 1.46039 
-1.10619 -1.39756 
1.31646 -0.262811 
-0.54719 0.270093 
-0.417138 1.79059 
1.90545 0.0114748 
-0.378486 0.592305 
0.596122 -1.37311 
3.00662 0.667906 
-1.94759 1.02021 
-0.567339 1.94627 
1.69765 1.20197 
-1.25805 0.585899 
1.72292 -2.32679 
2.55412 -1.0124 
-1.00275 -1.10552 
-1.47183 0.663611 
0.973031 1.32251 
-0.693074 0.825894 
1.76132 -0.750345 
2.11446 0.566249 
-0.832535 -1.47925 
-0.898601 0.0994739 
0.898114 2.47707 
-2.40708 0.804924 
0.922169 0.147054 
0.587213 -1.5433 
-0.71999 -2.02985 
1.22508 0.519694 
0.87716 1.42243 
-1.39692 1.86946 
0.628992 -1.11122 
2.85334 -0.61701 
-0.0860157 -0.787252 
-1.07015 0.497939 
1.29282 1.21086 
-0.388109 1.3183 
0.482464 -1.79949 
0.680035 -0.610094 
-0.163544 -0.223095 
-1.14069 0.793178 
0.0855305 0.818256 
-0.457675 0.204907 
-0.378108 -3.28184 
0.299651 0.402777 
-0.909522 -1.30588 
-0.686532 1.34023 
1.46456 1.65898 
-1.62434 1.25565 
-0.102562 -0.833104 
0.899566 -0.376936 
-0.282027 -2.28196 
0.268504 -0.609356 
-0.668906 2.59182 
-1.68635 0.363227 
0.259918 -1.85927 
0.295936 -1.71167 
-0.380974 0.329009 
1.21159 2.25127 
2.11904 0.214644 
-1.05884 0.36873 
-0.143988 -0.945472 
0.506372 0.553546 
-0.421971 -0.509852 
-0.37471 0.563043 
0.876069 0.893609 
0.0819737 1.03146 
0.734 -1.32089 
-0.154867 0.591361 
-0.207003 -2.25393 
-1.54897 -0.347706 
1.50518 -0.652917 
-0.443405 1.18641 
0.858614 -1.61954 
1.59256 0.220441 
-0.94886 -1.23939 
-1.11723 -0.0640148 
-0.099783 0.352568 
-1.18247 0.199 
2.0167 -1.24146 
1.37816 0.810739 
-0.226415 -1.85438 
-0.863538 -0.329152 
1.75905 1.2226 
-1.0023 0.727936 
-0.906469 -0.859697 
1.06083 1.49557 
0.543199 -1.59806 
0.0667981 0.183341 
1.76477 0.987256 
-2.94357 -0.641779 
0.982444 -2.15977 
-0.0709212 1.3158 
0.0893761 -0.472677 
-1.04091 0.178196 
1.57802 -0.470596 
-1.31129 0.157612 
-0.246975 -2.50087 
-0.508365 1.4391 
0.888561 -0.333124 
-1.98344 -1.51505 
1.34594 -0.203435 
-0.370073 1.28603 
0.863767 -1.10685 
0.886188 0.548878 
-1.33608 -1.67373 
-1.94535 1.07993 
1.45939 -0.196679 
-0.774431 1.90416 
-1.26421 -1.91243 
0.855522 -0.165849 
0.0487817 -2.73774 
-0.56127 -0.394012 
1.40329 1.21784 
-1.45342 1.89517 
-0.970628 0.356462 
1.35045 0.206129 
-0.458269 -0.81597 
-0.906399 1.40728 
1.92998 0.0711208 
-0.460225 0.237907 
-0.491941 -0.988176 
2.06968 -1.01394 
-0.116785 -1.37416 
-0.299536 1.68073 
-0.234376 0.826205 
-1.38588 -0.00217844 
-0.415165 -0.10925 
2.22457 -0.191428 
1.48392 -1.45973 
0.132099 1.03879 
1.61229 -0.680477 
-1.5093 1.39692 
-2.50361 -0.128215 
1.0941 1.19951 
0.262668 -1.27854 
-0.76006 0.222154 
0.812886 0.468288 
1.3711 1.71282 
-0.978288 0.798597 
1.43346 -2.26483 
-1.11512 -1.14806 
1.51637 0.684587 
1.49081 0.537575 
0.736926 2.34263 
-0.45317 -0.884745 
1.60076 -1.82864 
-1.18654 -0.814078 
1.97137 -0.299688 
1.77528 0.195868 
0.770418 3.09002 
-0.894189 1.35937 
0.0706484 -1.3422 
-1.66019 1.39011 
-0.214295 0.613117 
-0.0828276 -0.624224 
0.706776 1.87355 
-1.64129 0.266711 
1.23938 -1.2183 
-0.349969 1.62014 
2.04139 -0.736361 
-0.32183 -1.52469 
2.12749 -0.357682 
0.144203 0.911804 
-1.52918 -0.199992 
-2.38782 1.2767 
1.97999 0.859236 
-0.609788 -0.805176 
1.89078 1.74657 
0.942447 1.94132 
0.240112 -1.60877 
-1.03425 1.54083 
-0.0794236 0.377849 
-0.369081 -1.44311 
1.90729 1.62303 
-0.0508791 1.03863 
-0.782211 0.691592 
-1.22589 1.88988 
0.912054 -0.200318 
0.62801 -0.836044 
1.23492 -0.466349 
-0.802862 0.454647 
-0.543712 -1.20959 
-0.482074 1.72677 
1.28103 1.22622 
0.659821 -1.00378 
1.36897 0.897475 
-0.11853 0.758724 
-0.599798 -0.56191 
-1.29156 -0.151818 
0.853202 0.962604 
-0.333649 -0.981276 
1.1962 -0.840279 
-0.049166 0.815718 
-0.0785172 -1.18394 
-0.567966 0.347545 
1.63349 0.967262 
0.47284 -0.768364 
0.695919 0.387599 
0.0469422 1.71086 
-0.508695 -0.567508 
-1.46516 0.188646 
0.96654 0.872992 
1.06792 -2.99636 
1.15971 -0.127312 
-0.727326 -0.43855 
-0.660037 -0.812743 
-0.997201 1.28026 
0.388721 0.507692 
0.00524916 -1.89646 
1.70278 -1.10096 
-1.4901 1.45822 
-0.24278 -2.50049 
-1.14967 -0.0815344 
1.32297 1.86518 
-0.913221 0.828216 
1.06988 -0.344946 
1.78285 0.921102 
-0.168809 -0.754313 
-0.612736 0.118123 
0.120273 2.22256 
-0.498936 -0.0428705 
1.04036 -0.841502 
-1.0924 2.04705 
1.22972 0.242085 
0.192036 -1.563 
-0.714588 0.980547 
-1.46876 -0.905106 
-0.187644 -3.00027 
1.05855 0.513465 
2.37531 -0.63165 
-1.28999 0.148155 
-0.443212 0.180095 
0.0122189 0.955639 
1.39353 0.499784 
0.715061 1.97174 
1.53918 -0.89504 
-1.51888 -1.05951 
-0.699833 0.448464 
-1.10798 -0.126039 
1.57243 -0.665228 
0.574217 1.01259 
0.411503 -0.555331 
0.234116 0.283871 
0.960355 -0.346307 
-0.436238 -1.16732 
0.878072 -0.938154 
-1.18486 0.502565 
-0.688927 -2.67484 
-1.76774 0.246853 
0.831828 0.960353 
-1.60588 -0.934453 
0.224166 -0.920972 
0.579284 1.28995 
0.51068 -1.95864 
-1.40438 1.29136 
2.00516 0.171297 
-0.76001 -0.402806 
0.837213 -1.51471 
0.216336 -0.454917 
-0.191059 -1.70343 
-2.24802 0.737577 
2.26907 1.46641 
-1.69886 -2.1016 
1.7182 -0.837744 
-0.0923557 1.52 
0.642473 -2.11906 
-1.33021 0.169157 
1.54323 1.98693 
-1.91926 0.238424 
1.48666 -1.81549 
0.929677 1.56287 
0.533079 -1.29941 
0.103052 0.678906 
1.63482 0.145025 
-0.483508 -0.0272373 
0.432028 -1.13497 
-0.238314 0.716912 
0.590357 -1.05673 
0.687374 0.770336 
1.40267 0.333609 
-1.85533 0.00474876 
-0.0394446 -0.690682 
0.736842 0.421935 
1.32848 -2.24003 
-1.25634 0.66996 
1.03104 0.848224 
-0.95933 0.164557 
0.73453 -2.22073 
0.717322 1.10579 
0.723414 -1.80064 
-0.78474 0.868421 
0.477118 1.77071 
0.0424842 -0.620271 
1.20523 1.00398 
-0.559695 1.04768 
0.815995 -2.3704 
-1.49282 -0.414448 
2.11839 1.31683 
-0.742724 -1.62186 
1.62054 -0.134413 
0.684814 1.60815 
0.695503 0.0650801 
-1.91041 0.242476 
1.30442 1.80289 
-1.03544 1.32083 
0.322892 -1.52827 
0.775315 1.44485 
-1.70821 -1.76618 
-1.10399 0.416576 
0.582959 0.596949 
-2.08822 0.0186977 
-0.518314 -0.571255 
-0.344985 2.01587 
-0.0610323 -1.37907 
-0.820425 0.948638 
2.18664 -0.0205151 
-0.692179 1.77781 
2.10376 -0.259146 
0.95113 2.19861 
0.24645 -1.05609 
-0.822665 -0.0294109 
0.918539 0.697687 
-1.13397 -0.364062 
1.8144 -0.274621 
-0.285997 0.929284 
0.666888 -0.62778 
-1.47816 -1.17076 
-0.830937 1.46893 
-1.33734 -1.01692 
0.431466 1.39654 
-0.215218 1.3188 
0.751309 -1.85929 
-1.69887 -1.82104 
2.05453 1.05486 
0.27544 -0.835798 
0.51297 1.53885 
-1.12508 2.06497 
2.64684 0.576897 
-1.03627 -0.384944 
-0.133157 0.614138 
-0.748325 -0.687309 
0.703738 -0.55859 
-0.320137 1.79569 
1.60773 0.932099 
-0.58418 -2.37538 
-0.889503 0.802767 
-1.40683 0.396519 
0.652775 -1.23767 
0.882601 1.40067 
2.33918 -0.32227 
1.12726 -1.0775 
-0.196031 -0.983738 
-1.19523 0.0666868 
-0.879771 -0.698266 
0.619162 -0.360913 
1.87498 0.533236 
2.0489 -1.32373 
-0.703912 1.22572 
-1.19425 0.903783 
0.401875 -1.38951 
0.395886 2.58699 
2.20625 0.825095 
-0.39141 -2.46751 
0.17075 0.642016 
-1.6276 -0.378081 
0.142619 -0.946017 
1.83708 0.88954 
2.47333 0.124278 
-0.0941438 -2.27816 
-0.0764293 0.462268 
-2.37718 -1.3542 
0.520506 -2.67588 
-0.254344 1.83445 
0.781324 -0.20353 
-0.511513 -0.882448 
0.0186145 0.111581 
-0.484431 -0.203202 
0.772499 -0.306847 
-1.19095 0.865227 
1.33418 -1.80174 
-1.77175 -1.12656 
-0.00249756 1.11078 
-2.12024 0.0738806 
0.353102 -0.989382 
-0.161361 0.772755 
1.61657 -1.37775 
-1.32013 -0.185036 
-0.07246 0.697646 
-0.777056 1.19191 
1.55642 -0.646929 
-0.131018 2.33426 
1.32097 -0.398538 
-0.133404 0.151761 
0.249482 0.768955 
-0.509635 -0.666437 
0.212263 -0.571382 
-0.095415 1.40696 
0.0747166 -1.56853 
-0.184835 0.552646 
1.15823 1.41194 
-1.97879 1.57763 
-1.48158 -0.774 
-0.327822 0.594574 
0.206656 -1.7139 
-1.29692 -0.69264 
1.54885 0.205524 
-1.29002 0.515118 
1.91611 -0.62 
0.141505 1.85712 
1.23688 -2.70321 
-1.50105 -0.267093 
0.85707 1.1556 
-1.8794 1.5016 
0.419631 -1.02978 
1.32702 1.5075 
1.43721 -0.894784 
-0.665351 -1.13811 
-0.0990999 0.664651 
-0.0993744 1.16681 
-1.1598 -2.03151 
0.847397 0.0893501 
0.823149 -1.26922 
-0.361528 -0.653981 
0.29746 1.41645 
-1.33506 0.458274 
-0.22738 -0.734219 
0.650517 1.51125 
-0.111868 -0.113627 
-1.6635 1.72886 
1.10042 -0.0215981 
-1.47919 1.0829 
-0.741199 -1.05236 
1.28693 0.262763 
0.972523 -0.147194 
-0.992488 0.433607 
0.1237 1.67405 
0.58744 0.547778 
-1.04601 -1.49202 
2.48778 -0.101828 
0.445698 -1.53863 
-1.49247 0.732071 
0.342137 1.63164 
-0.258902 0.542034 
0.420791 -1.24752 
1.2032 0.0379666 
-1.03899 -1.02117 
-2.21299 0.511816 
0.889697 1.49304 
-0.412854 0.06173 
0.426846 -1.2144 
2.46013 -0.500879 
-0.0576575 1.35322 
-1.30385 -1.07287 
-1.69305 2.61566 
-1.16848 0.765832 
-0.773252 -1.53655 
1.49799 0.0891316 
1.34388 -0.0762706 
-1.53587 -0.889131 
0.190383 2.01309 
1.20674 0.650247 
-2.3689 -1.56041 
2.26408 -0.373744 
0.490808 1.88795 
0.593205 -2.08292 
-1.33053 -0.264108 
-2.01925 1.30919 
0.134235 -1.16285 
1.05886 2.07416 
1.14114 1.06834 
-0.815704 -0.988221 
-1.18514 1.26068 
-0.234587 0.525522 
0.377696 -1.72648 
0.224961 1.089 
1.70329 2.27122 
0.22784 -0.308331 
-0.969817 0.557858 
-0.320886 1.52522 
-0.379596 -0.377276 
0.915331 0.526509 
0.634894 0.1128 
0.962859 -0.700974 
-1.59016 0.888519 
-0.639672 2.04801 
-0.00910837 -0.575373 
0.815856 -0.0116454 
1.04341 0.602293 
-0.112789 -1.67354 
-0.704377 1.25785 
-0.53523 1.89032 
0.0281052 -0.549678 
1.41439 -0.56077 
0.182038 0.641083 
-0.460301 -0.496107 
-1.18975 0.932416 
0.0300285 1.29704 
-2.19086 -0.425455 
0.317582 -2.08968 
0.144688 0.368671 
2.14335 1.01542 
-0.454991 -0.484906 
0.379453 1.70151 
0.587244 -1.18944 
1.43787 0.893616 
0.255155 2.33531 
0.348903 -0.625448 
-2.00108 0.203185 
-0.345104 1.13381 
-0.821731 0.557376 
1.28842 0.649889 
0.887946 1.54152 
0.131586 -1.1061 
-0.502067 -0.717468 
-0.999832 -1.27599 
1.36157 -1.46431 
0.747897 0.0536807 
-0.96277 1.41958 
0.926435 -1.55795 
-0.485058 -0.0770783 
-0.573412 0.679589 
1.19778 -2.38397 
1.80743 1.39616 
0.688823 1.91921 
-0.672493 -1.16143 
-0.478849 0.308019 
-0.627692 0.162577 
0.477336 -0.582502 
0.473538 0.986944 
-0.367532 1.13746 
1.79527 -0.802977 
-1.59189 -0.722583 
-0.78998 0.709213 
-0.0782783 -1.60175 
1.30958 0.14496 
1.21977 -0.398772 
-0.972141 -0.59959 
0.127559 0.388261 
-0.915657 1.39586 
0.305827 -1.73501 
0.95023 0.873657 
1.90737 0.199066 
-0.807464 -0.321291 
0.267901 1.07975 
0.395339 1.5592 
1.32034 -0.86119 
1.77928 1.06559 
0.212775 1.17888 
-0.189241 -1.40007 
-1.87838 -0.726056 
0.367475 0.674304 
1.07954 -1.9646 
1.74938 1.30099 
1.36555 -0.337401 
-1.21822 -2.25852 
-1.06163 0.690084 
-1.20683 -0.181578 
-0.130633 -1.47425 
0.545602 -0.492679 
1.54484 -0.499171 
-0.543648 -2.01103 
-1.12898 0.472923 
-0.460486 -0.593339 
1.7223 -2.40774 
1.76779 0.570516 
-1.15466 1.49662 
1.27695 -0.908264 
-1.40877 0.261841 
-0.457516 0.712829 
1.22287 -1.36844 
0.884478 0.844328 
-0.672374 0.0812968 
-0.0629563 -1.46821 
-1.71873 -1.38806 
-0.232277 2.06957 
-0.823391 -0.676687 
0.421411 0.436192 
-0.988851 0.167971 
1.31267 0.104681 
-0.973236 -0.360489 
-1.48124 1.19681 
-0.156801 0.385136 
1.00609 2.50626 
-0.385345 0.73412 
0.967317 -1.47236 
-0.243798 -1.42814 
-1.42132 0.597938 
0.00140505 -0.957738 
2.35718 0.988176 
-0.534369 1.56218 
2.08702 -0.711474 
-0.622572 -1.59968 
-0.140644 1.09744 
-0.559485 -1.42796 
1.34469 1.32734 
0.321154 0.162158 
2.24133 0.680108 
0.221515 -2.16716 
-1.18089 0.217972 
1.70598 -0.147603 
1.33071 1.48042 
0.221525 0.741472 
0.833597 -1.27633 
-1.17963 -0.955398 
-1.99677 1.23243 
-0.371 -0.054784 
0.619977 0.648045 
0.988397 0.837551 
1.50121 -0.755514 
0.00756406 -0.753003 
-2.57541 0.50294 
0.811834 -1.47048 
-0.160745 1.23499 
1.3916 0.839695 
-0.613849 -1.59881 
-1.11753 0.740675 
-1.18552 -0.145311 
0.467355 -0.491274 
0.519982 2.20945 
1.12677 1.11614 
1.53565 -1.16649 
-1.03117 -0.33038 
-0.564101 -1.03872 
1.64905 -1.25599 
0.880507 1.07502 
-0.768927 0.981784 
0.416362 -1.61282 
-1.62603 0.240679 
-1.99528 0.00423868 
1.01313 -1.19369 
1.80535 1.27947 
-0.338875 0.487965 
1.34203 -0.187674 
-0.588557 -0.742403 
-1.19232 0.188092 
-0.258951 -0.915598 
1.02986 -0.659939 
-0.749441 1.32718 
1.33071 -0.204944 
-0.292413 -1.34269 
-0.397784 -0.0273407 
0.893631 -1.16844 
2.43737 0.80455 
0.431683 0.610854 
1.04412 -0.307494 
-1.92379 -1.43465 
-1.44381 -0.164244 
0.197976 -0.61754 
1.68341 1.14646 
1.0409 1.91842 
1.55494 -0.430754 
-0.272753 0.398806 
-0.167372 0.43988 
1.46812 -0.713397 
1.15354 0.548626 
0.458663 -0.138687 
0.836431 -0.906369 
-2.31319 -0.164739 
-0.485349 -1.55037 
1.4986 -0.694185 
0.795582 3.26403 
1.41313 1.18752 
1.10718 -1.59681 
-0.482233 -0.421427 
-0.922314 -0.994135 
1.02757 -1.51138 
-1.0198 0.48663 
0.561085 1.50832 
-0.747164 -0.874962 
-0.80424 0.216782 
-0.221024 -0.793304 
-0.0246103 -1.97931 
1.63342 1.78432 
0.75387 -0.625964 
-1.97707 1.10118 
-0.475801 1.24544 
-1.32239 0.393029 
-0.0913934 -0.080247 
0.156744 1.8156 
0.451409 0.203371 
-0.82039 -1.16481 
-0.267916 0.779655 
-1.59586 -1.18896 
0.586131 -0.398089 
1.39119 0.345175 
1.73424 -1.24492 
-0.806243 -0.323457 
-0.618741 1.16415 
-1.75631 -0.613351 
1.08351 -1.01786 
0.886201 1.14286 
-0.77799 0.868873 
0.160957 -1.14343 
-1.86267 0.409395 
-0.0386884 -1.90788 
2.21529 -0.48853 
0.937374 -0.31009 
-1.0667 1.09255 
0.415447 -0.0269657 
-1.16989 0.1235 
-0.926108 -1.40769 
1.89222 -0.973011 
-0.1292 1.70954 
1.33647 -0.131878 
0.165919 -0.671204 
-0.309846 1.20094 
-1.48946 -2.15354 
1.20572 -0.226826 
-1.29029 0.672476 
1.57955 -0.122347 
-0.185193 0.190458 
0.181706 2.14504 
-0.828163 -0.594952 
1.35557 0.143163 
-1.09588 -0.0919318 
1.10506 0.783662 
0.586716 -1.63422 
-0.204812 1.78113 
0.337608 -1.47015 
0.973167 -0.439628 
-1.27279 -0.167715 
0.738792 1.10403 
-1.48905 -0.433376 
-0.3785 1.53813 
-0.411402 -0.684225 
2.26505 0.558002 
-1.03785 1.55773 
0.662882 0.252702 
-1.75115 -0.402368 
-0.781603 0.306523 
-0.105855 -1.94826 
0.294398 0.701137 
-1.21787 1.95866 
1.67538 0.393743 
-0.404718 -0.072304 
-0.467676 2.22427 
2.10261 -1.43595 
1.0924 0.377551 
-1.18907 -0.445341 
-0.473963 0.150508 
-1.40734 -0.274047 
0.0884901 1.69146 
0.173573 -1.6309 
0.214899 1.05678 
-1.24604 0.578054 
0.989477 -1.77459 
-2.06369 -1.13368 
-0.558693 1.62276 
0.673014 -1.60384 
1.33536 0.445969 
-2.92846 0.0099338 
-0.0322345 -0.0704241 
-1.79108 -0.645916 
-0.274078 1.97972 
0.969889 -0.358086 
0.29551 0.0809025 
-1.22998 -0.784987 
-1.36134 -1.4936 
-1.36893 0.601045 
1.17025 0.538968 
1.08245 1.06163 
0.331482 1.09915 
-0.468683 -1.73625 
-0.411018 -0.460471 
-2.03997 -0.467177 
-0.288484 1.93411 
1.11881 0.854479 
-0.710326 0.393293 
-0.87954 -1.45153 
-0.300297 -0.357512 
-2.12401 -0.454697 
1.97588 0.583894 
0.637018 1.81347 
-1.28842 0.269704 
0.330285 -0.872271 
1.55168 -1.17495 
-2.16953 -0.925024 
1.93696 1.12411 
0.984676 1.20744 
-1.51578 -0.160225 
1.13528 -1.61622 
0.301602 -1.28011 
-1.84543 -0.108956 
0.318139 1.74426 
0.338072 2.09431 
-0.832537 -1.75991 
2.04805 -0.438626 
0.0529032 -0.688566 
-2.67858 -0.305733 
0.579905 0.895517 
0.392367 1.93347 
-1.04124 -0.365112 
0.417784 -1.0145 
-0.856188 -2.01384 
-1.79726 0.412641 
1.04958 0.8966 
-1.02226 1.23873 
-0.0607094 -0.45069 
1.07762 0.42473 
1.06114 -2.62952 
0.170315 -1.46216 
0.618504 0.326333 
-0.814545 1.15587 
-0.559911 -2.52223 
2.07052 -0.0830759 
0.376351 -0.407739 
-0.776418 -0.936086 
1.38553 1.11014 
-0.869601 0.0698804 
0.260599 -1.01587 
0.135701 1.02288 
0.309304 -1.67856 
-1.0239 1.03031 
0.803571 1.59808 
-0.515114 0.62883 
-0.19185 -1.21741 
0.558493 0.930846 
0.366559 -0.915321 
-1.52343 0.236143 
1.76834 0.192501 
-1.28328 1.25158 
-0.81057 -2.86541 
-0.547561 0.151454 
2.11301 -0.814815 
-0.364427 -1.38555 
0.168582 0.157352 
-1.46359 -0.527352 
-0.18302 -1.52229 
1.09116 0.990033 
0.846271 -0.80122 
-1.38441 1.03891 
0.709265 2.09463 
-1.25638 1.16572 
0.269745 -1.33323 
1.07993 -0.493587 
1.52046 -0.583743 
0.975943 -1.68285 
-0.325562 -0.819881 
-2.16079 -0.501882 
1.0178 -0.993821 
0.248383 0.254967 
1.32065 -2.05365 
-0.759138 -1.73999 
0.438686 2.14253 
-1.61954 0.693796 
-0.257035 -0.817784 
1.836 0.168884 
1.05885 -0.860124 
-0.912352 -0.419925 
1.08356 1.30192 
-1.52448 0.411566 
-0.97877 -2.14144 
-0.0446778 1.11385 
1.30074 0.183946 
-0.764372 -0.496837 
0.561358 2.20859 
-0.738141 -0.942019 
0.00554994 -0.331385 
-0.503359 1.26274 
0.261341 -0.769005 
-1.21254 1.67777 
1.27972 1.39561 
-1.28722 0.220817 
-1.57945 -1.31873 
0.530785 1.49026 
0.463815 -0.22896 
-0.224931 0.183411 
2.69803 0.743483 
-1.13935 0.236235 
-1.02747 -1.50944 
0.903012 0.880584 
-0.381621 -0.132318 
0.0296007 0.857136 
2.06604 -0.459272 
-2.69051 1.10384 
-0.127228 -1.88961 
-0.667129 0.33833 
0.729797 -0.182366 
-0.2458 1.45866 
1.12386 1.27643 
-0.222424 -1.27479 
1.56113 -1.2013 
0.244343 1.76529 
-0.447142 -1.99915 
-0.490349 1.4424 
0.57064 -1.24735 
-0.876967 -0.62205 
0.619649 -0.558029 
-0.397835 0.913331 
-0.158612 -0.436641 
-0.28018 1.00343 
0.795506 0.713218 
-0.984109 -0.852992 
0.17942 -0.626662 
-0.600452 1.52834 
-0.577223 -0.694446 
-1.0029 0.821809 
1.14834 1.92159 
-2.22575 -0.114665 
1.29452 -0.55311 
-0.906462 2.43571 
1.02292 -1.37969 
-0.296652 0.762134 
-0.0729329 1.20675 
-1.16304 -0.817991 
0.801774 -1.69025 
0.539262 -0.182332 
0.272742 0.227157 
-1.92905 1.21305 
1.52826 0.247824 
-1.6391 -1.4302 
0.905703 0.257573 
-0.461645 0.146072 
-0.592235 1.28783 
0.684454 1.09434 
1.22351 0.725943 
-1.2824 -1.34048 
1.26211 -0.815291 
0.0107857 -0.298273 
0.855764 0.224104 
-0.730129 1.41242 
1.91436 0.650498 
-0.630835 -2.04991 
0.632828 -0.731295 
-1.00127 1.91285 
1.22107 -1.54047 
-1.39121 0.467715 
-0.486689 0.563559 
1.31867 -1.04702 
1.60456 0.669099 
-0.891886 -0.0358346 
-0.979087 -1.70037 
-0.946937 0.0387846 
0.0991907 1.13257 
-0.717904 -0.136254 
0.766178 -1.75887 
0.0842302 2.00902 
-0.516588 -1.11017 
-0.20173 0.400497 
1.16356 -1.06566 
0.667355 -1.16533 
1.08538 -0.226752 
0.34358 1.06346 
-1.76027 -1.03579 
0.126333 0.442595 
1.25164 0.157944 
0.582529 -0.721353 
1.79348 -0.269458 
-0.0119618 0.285124 
-1.25023 -0.652983 
-1.45749 1.09995 
1.94435 0.666786 
-0.467091 -2.18545 
1.14503 -0.754143 
-1.74938 -0.556553 
-0.34997 -0.935754 
-0.536527 1.29748 
2.26281 0.241008 
1.64498 -0.443867 
1.87688 1.08172 
-0.236664 0.00431659 
-1.38561 -0.812468 
0.169328 1.60203 
-0.4933 0.0269064 
-1.27896 -2.69177 
1.73284 1.45877 
-0.155265 0.644018 
-1.47391 -0.215583 
0.636351 0.00579668 
0.957577 -0.671953 
0.325316 -1.11963 
0.434123 0.775534 
-1.56322 1.00969 
-0.830122 -0.539131 
1.85982 1.39367 
1.05301 -2.83395 
0.266876 0.00605976 
1.83376 0.169539 
-0.88778 0.937994 
-2.53774 0.309597 
1.47993 0.803622 
0.0073135 -1.94153 
0.561522 -1.90355 
1.1115 -0.22055 
-0.466752 -0.295671 
-0.484177 2.30474 
0.305924 1.07238 
-1.89669 -1.4706 
-0.183306 -0.315651 
1.02795 1.78985 
-0.825667 -0.600932 
-0.363644 0.556775 
0.478094 1.72018 
-0.700197 -1.65245 
2.14666 -2.21155 
-0.877127 -0.165288 
-0.856487 -2.04307 
-0.55893 1.18727 
1.47851 1.25413 
0.0628637 -0.970618 
1.53251 -0.650732 
-1.18306 1.73785 
-1.13201 -1.10134 
-0.593287 1.15025 
1.12757 0.835999 
0.481558 -1.04607 
1.01675 -0.765772 
-0.0892545 1.19838 
-1.7067 -0.887566 
-0.994101 0.464942 
0.742571 0.379697 
0.164511 -1.84264 
1.13411 -1.15089 
0.107698 1.97027 
-1.7529 1.34293 
-1.0771 1.03389 
1.72776 0.765921 
0.652267 -2.31778 
-1.33586 -1.86947 
-0.0975822 1.66208 
-2.04662 -0.12888 
-0.120236 0.763392 
0.642814 1.83279 
0.66624 -2.20469 
1.0516 -1.58145 
0.350179 0.58864 
-1.23609 -0.66566 
0.895397 1.66194 
1.02828 -1.26074 
-1.86994 -1.51316 
1.37116 0.525527 
-2.49246 1.47129 
-0.287127 -2.31848 
-0.104426 0.266077 
0.776818 -0.953251 
-0.947425 -0.0953964 
-0.323961 -0.723016 
-0.393323 0.427468 
-2.14808 -0.537634 
-0.0126957 2.27159 
1.6561 -0.352078 
-0.0414235 0.0364573 
0.927661 -0.519682 
1.16759 0.71858 
-0.323204 -0.761953 
-0.0264069 2.03903 
0.642215 0.719992 
-0.60433 -0.895678 
0.361834 0.411802 
1.22159 1.01377 
-0.321143 0.481502 
-1.62918 1.38239 
1.55812 -0.289242 
0.603507 -1.7382 
0.161277 -0.201643 
0.334283 0.499443 
-0.544361 0.851931 
-1.2283 0.892965 
0.989378 0.15145 
-0.156524 -2.54927 
2.51674 -0.685113 
1.589 0.520174 
-0.190802 -1.06439 
-0.504178 1.68363 
0.111875 0.950542 
-1.32162 1.05385 
-0.360619 -0.585621 
-0.323604 0.0564222 
-1.7448 -0.221125 
-0.342516 1.34042 
1.39697 -0.974496 
-0.4488 -1.20534 
-1.07251 -1.61827 
0.119095 0.97571 
-0.660992 1.50714 
1.48644 2.45577 
1.53357 -1.43271 
-0.182354 0.287835 
-1.23308 -1.12752 
0.700848 1.28778 
-1.26189 1.14435 
1.15009 0.752129 
1.51639 -0.477949 
-0.0747294 0.0834564 
-1.19439 -0.835778 
-0.373598 0.0398309 
-2.16173 0.9169 
1.93955 -0.306704 
-0.430053 -0.587069 
0.573727 1.76228 
-0.937407 -1.35389 
-0.738094 1.08125 
-2.22721 -0.545199 
1.69698 0.58164 
0.620953 -1.2253 
-1.45063 0.75727 
0.535772 -1.64341 
0.261424 -0.0282834 
-1.40042 -0.931708 
0.815228 0.30781 
0.0818445 -1.0431 
-0.535893 1.05397 
1.38136 -0.021169 
0.378693 0.442073 
0.278934 -1.46979 
1.55059 1.19946 
-1.21313 -1.2245 
-1.31641 0.559035 
-0.16068 -0.172945 
1.09162 1.55383 
-1.48632 -0.729681 
1.68022 -0.122377 
-0.0816125 -1.21568 
-1.94091 0.205281 
1.13965 -0.87256 
2.66648 0.369497 
-1.05701 -0.943189 
0.414111 0.388906 
0.563849 -1.62558 
-0.362365 1.12922 
0.776151 -0.848167 
2.50397 1.02368 
-1.71145 0.203943 
-0.618137 2.17432 
0.211582 0.670799 
-1.64514 -0.239579 
0.572804 -0.28253 
1.62448 1.42351 
-1.98617 -0.30948 
0.313075 0.790893 
1.20305 -0.915565 
-0.48121 0.768921 
0.35778 -1.09446 
1.39418 0.784625 
0.0256154 0.92894 
-0.317775 2.59239 
-0.249198 -0.0946474 
-0.987439 0.948817 
-0.116272 -1.6805 
1.59364 -0.69307 
-0.345324 0.719 
-0.346653 1.48454 
0.130891 -2.01676 
-2.55886 -0.459372 
0.00273831 -1.68499 
0.601527 -1.4052 
0.999941 1.2472 
0.144306 2.10898 
0.456859 -0.181797 
-0.313151 0.307311 
0.824808 -0.63829 
-0.184757 0.477898 
-1.30602 -2.93747 
-0.719349 1.55179 
-0.272668 -0.989465 
-1.49367 1.63819 
2.22307 -0.0164602 
0.25923 1.65315 
-0.642931 -0.326149 
-0.435228 0.408646 
-0.100772 -1.07008 
-1.37849 1.17884 
0.224645 -1.74439 
-1.27044 2.5922 
-2.33999 0.708838 
0.226349 0.769758 
0.339235 -0.734495 
-0.435903 -0.457291 
0.589409 -1.53624 
0.461191 2.45538 
-1.97348 1.49719 
2.38253 0.56035 
-0.434534 -0.665029 
0.131116 0.274596 
1.62445 -0.571871 
0.788129 1.99051 
-0.506486 -0.816402 
0.575975 2.20652 
-0.446464 -1.13865 
-0.922929 1.17817 
1.00653 -1.19838 
2.14758 0.514071 
-1.58932 -1.01463 
1.30269 0.69707 
-0.237367 -0.768882 
-0.698006 0.279473 
-1.35115 -1.70905 
0.532459 -0.256477 
-1.50695 1.5202 
2.63479 0.759619 
0.855421 -1.5157 
-1.29813 0.490121 
0.91291 -1.53748 
1.99405 1.67815 
-1.16196 0.0228302 
0.771476 0.53116 
-0.0905337 -2.16532 
-0.00841377 0.469043 
0.0642211 -2.39256 
0.791912 1.07097 
-1.97932 2.1257 
2.09973 0.567208 
-0.716398 0.125649 
-0.535488 0.700006 
0.149708 -0.157753 
0.78103 0.728908 
-1.37984 0.499474 
1.48632 0.028658 
-1.54532 -0.787632 
-0.448058 1.91553 
-0.538835 -1.13116 
0.681854 0.809387 
-0.976238 -0.933209 
0.755595 -0.478859 
-0.648246 -0.309224 
1.91909 1.20158 
0.101859 -0.652317 
1.12793 1.53367 
-1.22052 -0.824662 
0.948538 0.425126 
0.0473137 0.533453 
0.41928 2.05355 
0.432421 -1.93786 
1.72148 1.16598 
-1.40389 0.223946 
1.22858 0.32619 
-1.16011 -1.30789 
0.214131 1.34552 
1.0597 -0.626219 
2.16808 -1.17062 
0.710175 2.30974 
1.80734 -0.632288 
-1.20645 0.0432473 
1.13939 0.333912 
-0.055266 -0.0996799 
2.846 0.255561 
-0.101957 2.01459 
0.762361 -0.229535 
-1.29547 -1.39236 
0.356105 1.70023 
-0.178391 -1.08781 
1.25409 0.6601 
-1.42118 0.676896 
2.24956 -1.71925 
-1.2776 -0.344519 
0.478236 1.01216 
2.57676 -2.06823 
1.31329 -0.384159 
-0.125374 -0.625058 
0.804703 1.22417 
-0.300223 1.45568 
0.295946 1.65145 
-0.761081 -1.7635 
1.15363 -0.905019 
0.0941698 0.503981 
1.47327 -0.182033 
-1.08071 -0.0176122 
-0.652395 2.03779 
-0.737959 -1.74839 
0.554196 0.762792 
-1.66595 -0.31847 
1.64759 -0.226921 
-0.0431153 -0.906947 
-0.0499153 1.75996 
-0.132907 -2.34729 
1.5646 0.263478 
0.145781 -0.0734197 
1.27429 0.576829 
-1.30312 0.0660073 
0.346783 1.26327 
0.109042 -1.45363 
1.10098 0.714714 
-0.792664 -1.04769 
2.23683 -0.450557 
-1.98533 -0.092553 
-0.488357 1.71362 
1.45863 -0.687612 
0.330592 0.434412 
-1.32805 0.574488 
0.235011 1.50123 
-1.21177 -1.16481 
-0.981278 3.00674 
1.4003 -0.715646 
1.04139 0.678597 
-0.191876 -0.771907 
0.876019 -0.773404 
-1.11764 -0.506998 
0.271551 1.61659 
1.85479 0.226192 
0.265969 0.0593447 
1.23756 -1.59663 
1.17105 1.63278 
0.19884 -0.740668 
-1.76759 1.86718 
2.17712 0.18978 
0.946748 1.26425 
-0.87484 -0.394025 
1.22717 0.400462 
-1.15349 -0.943387 
0.0928588 1.14253 
2.37535 -1.83734 
1.54725 0.771063 
-0.834057 0.93106 
-0.416009 -1.98935 
-1.93984 0.203012 
0.571527 -0.297915 
0.0170688 -0.615833 
1.03838 0.266873 
-1.86792 0.494989 
-0.383878 -0.538932 
-1.78283 0.658615 
0.165451 1.04485 
2.62517 0.00816347 
0.518042 1.04001 
0.488052 0.300922 
-1.2624 -0.866594 
-1.44341 1.50965 
-0.13496 0.235034 
0.135425 -1.15502 
1.47624 2.13913 
-0.683107 -0.599949 
0.0582157 -1.49893 
-0.952371 0.33192 
0.105157 1.08829 
1.43754 -1.11124 
1.30187 1.38201 
-0.103287 0.850698 
-0.462195 -1.20577 
-1.73349 -0.343501 
-0.0845011 1.25672 
1.97069 -1.27238 
1.08046 1.77147 
-0.194384 -0.238954 
0.181043 -1.67249 
-1.05772 0.0820656 
1.13246 1.01955 
1.9883 -0.803849 
-0.23592 1.37908 
-0.808537 0.681053 
2.18084 0.142188 
-2.30563 -0.900013 
-0.27758 1.86628 
1.29607 -1.10294 
0.0329215 2.34232 
-0.288577 -0.688111 
1.22935 -2.21738 
-1.85789 0.213844 
1.2624 0.792257 
1.01788 -1.29803 
2.0452 1.36225 
-1.49578 -0.0887048 
0.132776 -1.65736 
-1.61233 -1.34733 
-0.336894 0.110518 
1.92143 0.378832 
-0.720373 2.03907 
-1.00159 0.424862 
2.3009 -0.30486 
-0.791803 -1.41281 
-0.449961 0.956882 
0.0228414 -0.284267 
-0.754023 1.17664 
-0.294157 -1.04406 
0.934395 -1.68553 
-1.61039 -1.2564 
1.14156 0.509387 
0.841875 -2.12948 
0.801813 0.278475 
-1.48369 1.11975 
1.57861 -0.990659 
-1.18263 -1.5286 
-0.234887 0.709009 
2.05059 -1.07252 
2.20584 0.999571 
-1.66408 0.0975927 
-0.946999 -1.44905 
-0.422296 1.66077 
0.412938 0.27119 
0.200917 -1.41275 
1.89608 0.296325 
-0.577571 -0.499787 
0.535167 -1.72847 
-1.31023 -0.111722 
1.48557 0.362123 
1.71476 -1.43421 
2.05067 1.99343 
-0.921733 -0.0817423 
0.352983 -0.906841 
-1.32989 0.439669 
0.73488 0.924255 
0.111197 -2.51542 
0.967685 0.808684 
-2.47624 -0.39651 
1.04957 -0.451968 
-1.36106 -1.29218 
-0.469909 1.39017 
0.777476 -2.34556 
0.84534 0.403976 
-0.774763 -0.443496 
0.281823 -1.05768 
-1.15869 -0.601609 
-0.0710031 3.33131 
1.10509 -1.14286 
0.000440163 1.3224 
-1.86965 0.676597 
0.901197 -0.670597 
-1.43079 -1.67745 
-0.605631 1.7995 
1.57443 0.476833 
0.344369 0.184512 
-0.874836 -1.93072 
0.921845 -1.2537 
-1.10711 -0.573838 
0.0129563 1.93281 
3.50917 -1.85458 
0.00484245 0.313016 
-1.50581 -1.59163 
0.839731 -0.439776 
-0.917829 0.507227 
0.95003 0.544336 
2.24354 0.410645 
-0.777226 0.258237 
-1.303 -1.50212 
-0.390482 -0.769014 
-1.39498 0.73143 
-0.12468 -0.0634185 
0.421739 -0.864954 
-0.848977 1.01155 
-1.74968 -1.54557 
1.92779 -0.351396 
-0.0559987 -0.545997 
1.28316 0.630623 
0.966263 -0.0953525 
-0.765475 1.36119 
-1.87092 -0.0188839 
-1.05102 -2.3307 
-0.682595 0.104932 
0.701806 -0.669654 
1.1909 -1.03515 
0.102873 0.180359 
-2.29625 0.430673 
-0.47442 -2.55088 
-0.409066 0.914235 
1.96821 0.148987 
0.478721 1.24351 
-1.63542 0.17402 
0.374293 -0.505018 
-0.835149 -1.59314 
0.393232 1.73548 
0.354624 0.0725388 
1.45239 1.10168 
-1.52648 0.307869 
0.731629 -0.244291 
-1.83389 -0.339694 
-0.763932 0.821288 
0.318102 -0.0176062 
1.20671 0.00867278 
-0.399945 0.85563 
-0.408014 -1.38945 
-2.01294 0.434665 
1.30857 1.02314 
0.174088 -0.751397 
2.57258 1.51925 
-0.431927 0.611421 
0.0720413 -0.497744 
-0.766222 -0.950526 
0.435055 1.30304 
2.10837 -1.14286 
0.502685 0.256709 
0.238914 1.28331 
-1.29148 -1.8716 
-0.693279 0.0631323 
0.824924 -0.00862338 
0.640379 -0.906482 
1.60683 0.135745 
-1.42669 1.02926 
0.558274 -0.929377 
-1.0686 -1.7599 
-0.911285 0.625907 
1.46852 -1.53457 
0.943874 0.122819 
-0.53076 1.21442 
-0.302378 -0.539228 
-0.653286 -0.489744 
1.11311 0.824758 
1.56261 -0.253848 
1.39746 1.04942 
-1.15011 1.01603 
1.14345 -0.313943 
-0.90316 -0.55241 
-1.38713 0.504564 
1.34106 -1.30565 
1.12513 0.819247 
-2.03062 -0.165351 
-0.157039 -1.40612 
-1.81362 -0.962653 
-0.196762 1.82207 
1.09972 -1.0661 
1.55617 -0.0305069 
-0.327235 0.493003 
-0.724775 -1.02892 
0.152057 -1.31264 
-1.32681 0.507384 
0.723298 0.831976 
-1.17293 1.7991 
-2.07926 0.286741 
0.603861 -0.77928 
0.432678 -2.32063 
-0.333469 -0.324202 
1.78242 1.21636 
0.661466 0.342212 
-0.925822 -0.475275 
1.39118 -1.57035 
1.8243 -0.852626 
-2.27619 -0.924415 
-0.979089 0.80458 
1.05913 1.42334 
-0.702822 -0.151461 
0.241477 -0.786012 
1.45492 -0.487742 
-2.01454 0.221417 
0.341238 0.949981 
1.77079 1.44291 
-0.504902 0.852241 
0.0796035 -1.70034 
0.908522 -1.06747 
-0.877564 0.336934 
0.352271 1.67643 
-1.6164 -1.33675 
0.279051 -1.47526 
0.127313 2.1481 
3.6725 0.197521 
0.590756 -1.03828 
0.000398902 -0.0742714 
0.673857 1.62102 
-0.817967 -1.33396 
1.59043 -1.00918 
-0.564154 -0.343378 
0.735391 0.363643 
0.389297 -1.12488 
-0.406513 2.36741 
0.143335 -2.01381 
1.78159 -1.19704 
0.240895 -0.458164 
-0.00684286 -1.69112 
-0.710432 0.70072 
1.54612 1.70844 
-2.14985 0.456599 
1.03602 -1.80894 
-1.2421 -1.6025 
-0.824953 2.0813 
0.698048 0.193423 
-0.154579 1.31459 
-0.619029 0.0348619 
0.452713 -1.13038 
1.29314 -0.36924 
-1.28555 -1.07164 
-1.67875 0.485435 
0.273332 1.10557 
-1.35799 -1.42277 
1.47432 -0.984522 
1.20633 0.135783 
-0.651429 -0.336194 
-1.16193 -0.0126754 
-1.16843 2.23224 
-2.03964 0.874127 
1.77403 -2.13525 
0.81895 -1.02666 
-0.494972 -0.390324 
-0.370516 1.10449 
-0.327734 1.56405 
-1.73018 -0.563915 
0.80306 0.134278 
-1.12762 0.254091 
0.671958 0.943427 
0.705746 -0.553065 
0.039614 1.56274 
-0.849223 1.22112 
1.1205 0.00622993 
0.991903 -0.471129 
-1.50816 -1.20548 
0.119357 1.26319 
0.606406 0.57971 
-0.378769 -0.183546 
-0.0265628 -1.53322 
0.040586 1.49476 
1.06255 -1.71192 
-0.607727 -0.089039 
1.53465 0.448364 
0.311304 0.573333 
0.315872 -1.85505 
-1.59787 -0.444749 
-0.813701 0.949318 
0.923112 -0.710653 
0.483969 -1.2536 
1.21355 0.729412 
-1.32857 1.5204 
1.23675 1.17442 
0.436601 -0.620311 
-0.947416 -0.268846 
-1.64201 0.22128 
0.840018 -1.39366 
0.0485169 0.347211 
-0.424036 -0.391203 
0.400798 2.32284 
1.6527 -1.31906 
1.85303 0.762253 
-2.30227 0.0122677 
0.00491314 -1.32073 
1.25537 -0.903823 
-2.08217 -0.338235 
-0.175905 1.04115 
1.74125 0.465307 
-0.210629 1.07614 
-0.561957 -1.02771 
-0.789814 -2.12867 
0.551958 1.20559 
1.0727 -0.982974 
-0.295726 0.515081 
0.0176767 -0.297184 
2.21484 0.98044 
1.03843 -1.88034 
-0.904179 0.460806 
0.205982 1.5642 
0.091287 1.00237 
-1.58487 -0.133148 
2.6106 -0.719516 
1.20878 -1.42574 
-1.0465 -1.12881 
-0.248041 0.424414 
1.17605 0.674729 
0.685547 1.42414 
-0.431239 -0.0475453 
-0.990314 -0.455784 
0.13311 -1.04766 
0.909848 -2.79081 
1.45933 0.966983 
-0.67891 1.48078 
1.1346 -0.409599 
-2.10234 0.851482 
0.00798088 0.783739 
1.8821 -1.97918 
-0.8152 1.41832 
-0.340084 -1.21074 
1.22218 1.67957 
2.79104 -1.20804 
-0.870821 -0.93474 
0.418406 1.58966 
-0.792458 0.404715 
-1.04615 -1.65449 
0.898275 1.86991 
1.218 -0.743696 
-1.65193 -0.102238 
-0.351462 0.662521 
-0.87249 1.62744 
0.18176 -0.749939 
1.52595 1.18164 
1.10971 0.167425 
0.0631914 -0.740327 
-2.39039 0.187634 
-1.72613 -0.121978 
0.710924 -0.142171 
1.80167 2.08827 
0.750155 -0.646449 
-0.463564 1.69384 
1.79746 -0.789103 
-1.62759 -1.7313 
1.82399 0.0591078 
-0.602833 0.864133 
-1.73274 -1.08501 
0.541834 1.73486 
2.28096 -1.77176 
-1.34671 -0.771221 
0.25117 1.09172 
-1.7194 0.320636 
-0.661728 -0.743536 
-0.366222 0.815019 
1.96412 -1.78684 
0.445837 1.51909 
-2.14217 0.525979 
0.346362 -1.24615 
-0.850205 -0.415657 
-0.601221 1.48572 
1.56192 0.266023 
-2.30121 -0.160676 
0.955937 -0.67512 
-0.632429 1.87361 
0.376547 -1.94556 
-0.949206 -0.142655 
0.171758 0.469927 
-0.193686 1.85932 
-0.315561 0.91207 
1.34151 -1.18865 
0.408956 -1.98714 
-1.76578 0.474208 
0.918772 -0.164242 
1.24716 0.201872 
0.0929626 0.721327 
1.14815 -0.547768 
-0.630662 1.58143 
-0.395756 0.501284 
-1.36509 -0.445111 
-0.23343 -1.28665 
2.48925 0.261544 
0.453841 0.165375 
0.7527 0.955552 
1.17078 -0.706143 
-1.51751 -0.760952 
0.11669 -1.69574 
2.5507 -0.976345 
1.20338 0.71083 
0.252584 2.03337 
-0.276479 0.18656 
-1.2313 0.792894 
-1.16991 0.783621 
0.406127 -1.00092 
0.0957837 0.917882 
0.526435 0.17901 
-1.03928 -1.12342 
-1.95437 0.804549 
-1.25702 -1.44234 
1.85872 0.593816 
-0.864646 1.37986 
1.38627 0.447554 
0.71805 -1.6459 
-1.65261 0.0697533 
-0.899218 -0.344609 
1.41128 0.060676 
0.132114 1.4867 
-0.0165582 -2.64847 
-0.389614 -0.279381 
1.02553 1.02753 
1.47067 -1.98387 
1.57626 0.196179 
-0.204224 -0.62993 
0.476123 -0.0931611 
-1.98725 -0.241129 
-0.350015 0.651234 
-0.87871 -0.344736 
-0.461646 -0.288916 
0.566172 2.25652 
1.08114 1.35453 
1.13883 -0.742556 
-2.17041 -0.781542 
-0.661091 0.980603 
-0.478131 -1.60725 
1.36162 1.2325 
1.09632 0.515953 
-0.991317 0.0781842 
1.58608 1.93204 
1.52665 0.945501 
-1.27348 1.20499 
0.395434 -0.666286 
0.0661288 -3.11433 
0.601265 0.507889 
2.0354 0.718528 
0.0240594 -0.997188 
1.27871 0.467807 
-0.749783 0.518519 
0.268727 -0.88578 
-1.1644 -1.05311 
-0.718046 1.82524 
-1.06161 0.27235 
-0.424291 -1.99668 
0.425493 1.01375 
1.01406 -0.554957 
-1.73718 -0.638614 
-1.09855 0.741005 
-1.50332 1.65261 
-1.19983 -2.30563 
1.25817 0.213571 
2.05621 0.601372 
-0.686059 -0.626453 
-0.321647 1.62278 
-0.393884 -0.607173 
2.20168 -1.57594 
1.16093 0.7524 
-1.44377 1.69209 
1.88434 0.10504 
-1.58186 0.321137 
-0.544762 1.48502 
-1.04338 -2.68417 
1.62951 0.316768 
2.07145 0.0298211 
-1.26504 -0.917534 
0.129672 1.05707 
1.77474 0.560923 
-1.22186 0.859782 
1.52981 -0.615046 
-1.82367 -0.822166 
0.0187142 0.834751 
1.00049 -1.77675 
0.401191 1.73362 
-1.30698 -0.951669 
1.92174 -1.07669 
-1.1721 -2.76965 
-2.44596 0.643425 
0.586234 0.789331 
1.33372 0.73893 
-1.01703 0.517469 
-0.133606 -1.55551 
-0.0588513 -0.505496 
-1.00459 -0.351829 
0.940059 1.50818 
1.39733 0.456365 
-1.00986 1.23919 
0.711329 -1.43376 
-0.567929 -0.83195 
-1.17884 -0.382819 
-0.463753 2.05898 
-0.04898 1.32937 
-1.23073 1.06357 
-0.696279 -1.07185 
-1.32395 -0.510639 
1.515 0.890199 
1.13417 0.437313 
1.1309 1.42416 
-0.720611 1.35293 
-0.0703383 -0.856173 
-1.32256 -0.296183 
1.46246 0.685304 
2.03065 0.00701254 
0.820079 1.88728 
-0.974906 2.05297 
-0.394749 -0.251604 
-0.620881 0.265481 
2.05434 1.2892 
1.46348 -0.761528 
0.960636 1.98211 
-1.78303 0.584671 
-0.0572789 -1.23903 
-1.11227 -0.177211 
2.10297 2.4839 
0.99126 0.10841 
1.92818 1.06795 
-1.10435 0.550088 
-0.260567 -0.745556 
-0.989576 0.0631758 
1.98824 1.05293 
1.309 -0.290408 
1.24837 0.756639 
-0.947519 1.13605 
-0.919765 0.0326946 
-0.459897 0.0172002 
0.679602 1.31641 
2.41919 -0.937771 
1.21722 0.121108 
-1.62021 1.41951 
0.0562472 -1.11313 
-0.686956 -0.40708 
1.29175 1.04543 
1.8305 -0.616502 
1.19157 -0.179669 
-1.66753 1.7256 
-1.24871 -0.996065 
-1.05997 0.162514 
0.795223 0.616593 
1.14485 -0.283696 
1.04752 2.54814 
-0.872587 0.635228 
0.32155 0.157111 
1.17583 0.42512 
-1.22586 -2.07986 
-1.14361 2.04692 
0.163341 -1.4967 
0.63273 0.957081 
-0.924739 -0.442053 
1.64578 -0.28148 
-0.753974 -1.64234 
-1.57719 0.262845 
-0.507815 -1.10863 
0.882545 0.0369126 
-0.525615 0.542983 
2.87092 -1.4111 
-0.593312 0.926269 
0.615892 1.82654 
1.63236 -1.50606 
0.342248 0.440917 
-0.55965 -0.644612 
-0.303984 -1.01296 
-1.98644 -0.362798 
0.708661 -0.415795 
0.646306 -0.255808 
0.478955 1.38782 
-1.97543 -2.24439 
0.153766 -1.62448 
-2.06371 -0.0559205 
0.349123 1.08295 
-0.579783 -1.67266 
2.44478 1.39863 
-0.616752 0.335922 
-2.0772 0.7869 
1.1213 0.621496 
0.641138 -1.62487 
-0.700978 2.41211 
-0.325663 -0.931181 
1.13819 0.291532 
0.446681 -1.3765 
-0.873727 -0.443634 
-0.650759 1.9727 
1.30143 0.114478 
-0.984973 1.35155 
-0.138873 -2.01984 
-1.48631 0.0769761 
-0.441582 0.653186 
-0.88061 -1.23231 
0.651579 0.787988 
-0.302667 0.562661 
0.798163 -2.05727 
0.569348 -0.219693 
-0.802117 -0.7441 
-0.36014 1.10465 
0.974896 0.433863 
-1.3932 1.36 
0.190322 -2.06782 
-1.45876 0.293018 
-0.366476 1.69528 
-0.811239 -1.65812 
-1.5044 -1.7193 
1.05031 0.83093 
0.645499 1.21103 
-0.959465 -0.791137 
0.788814 1.5204 
2.3339 -0.657706 
0.0826556 -1.6718 
1.46869 1.03744 
0.478317 0.934953 
-1.84061 -1.26771 
0.111908 1.58658 
1.69219 -1.04103 
-1.8686 1.7675 
-0.477875 -0.854547 
2.46469 0.027271 
0.657729 0.203104 
0.445261 -1.40237 
-0.805556 0.0727977 
-1.6383 -0.666337 
0.318 -0.377101 
0.46558 1.34405 
-0.0131673 -2.02497 
-1.4347 1.25084 
1.95451 0.258674 
-1.69531 1.01604 
0.349977 -1.4853 
2.88627 -0.327303 
-0.453869 1.18812 
0.214651 -0.0970115 
-2.29041 -0.265839 
-1.52059 1.01009 
-0.0626491 -1.32093 
2.85041 -0.448515 
-0.614914 1.61019 
0.590754 -0.118533 
-2.06719 -0.106306 
-1.7879 1.54682 
0.240732 -1.36756 
2.82304 -0.320441 
-0.420806 1.35125 
0.138006 -0.511274 
-1.9748 -0.685525 
-0.420435 1.95679 
-0.507327 -2.09507 
0.679882 -0.176693 
-1.49493 -0.66595 
1.96977 1.16025 
0.936051 -0.714626 
0.693302 1.52229 
-2.04347 0.926492 
0.778351 -1.17787 
1.22151 -0.243116 
-0.566392 -1.55076 
-1.10176 0.108145 
-1.72982 2.22587 
-0.889028 -1.02517 
1.59105 0.11987 
0.708798 -1.20204 
-1.02272 0.808514 
1.18642 0.465375 
-0.198311 1.48918 
-1.68201 -1.95396 
0.676715 -0.22227 
1.0317 0.643357 
-0.595247 -0.767078 
-1.77969 0.976117 
0.657939 0.853798 
-0.260095 0.549892 
0.723853 -2.03579 
0.583995 -0.251158 
-0.826114 -0.774344 
-0.341351 1.20414 
