-1.28814 -0.690811 
2.42776 -1.60268 
0.483626 0.915338 
-0.357835 0.0186525 
0.9835 0.267145 
-0.412318 -0.870462 
-2.01154 0.196596 
1.74385 -1.55041 
1.00982 1.25822 
-1.05164 0.0535916 
-0.175672 1.25386 
-0.410362 -1.48789 
-1.24191 -0.985508 
0.14373 -1.41049 
0.623416 2.00134 
-0.161316 0.948188 
0.266347 0.517683 
0.221254 -0.941136 
-1.8752 -0.529187 
1.29251 -2.13793 
0.119791 1.2222 
0.0343139 0.588655 
0.596561 1.02815 
0.789826 -1.45924 
-1.442 -0.451 
1.80737 -1.69462 
-0.325661 1.53112 
-0.429927 -0.301542 
-0.136372 1.56487 
1.47162 -0.742172 
-1.99144 -1.09502 
2.32958 -1.24151 
0.154907 1.23755 
-1.3208 -0.157939 
-0.306596 1.31635 
1.88846 -0.711455 
-1.09149 -0.907418 
2.21689 -0.84066 
0.329637 1.58337 
-1.81112 0.284872 
1.27468 1.20839 
2.00028 -0.389452 
-0.96741 -1.18469 
1.76427 -1.02836 
-0.0522828 0.223058 
-1.22339 0.889543 
0.493739 1.68295 
1.16141 0.02754 
0.212867 -1.4937 
1.44201 -1.11743 
-0.342209 0.462938 
-1.06618 0.897641 
0.448884 2.3084 
2.45001 -1.22379 
-0.204057 -1.02341 
1.28202 -1.18921 
-0.0675187 -0.280812 
-0.568356 -0.884243 
1.1306 2.0581 
1.83035 -1.57457 
-0.281438 -2.11382 
0.393752 -0.189943 
-0.505077 0.342262 
-1.52156 -0.783384 
0.867874 1.67586 
1.36797 -1.12404 
-0.874043 -2.10564 
0.518109 -0.708628 
-0.319489 0.0111143 
-1.13672 -0.218294 
0.654986 1.38188 
1.57147 -0.808066 
-1.21882 -1.75291 
0.770044 0.280717 
-1.47427 0.568212 
-1.22646 -0.382972 
0.801156 1.27479 
2.40366 -1.03203 
-0.928881 -1.0997 
0.0386834 0.771402 
-1.33275 -0.256712 
-0.540407 -0.0944877 
0.185527 1.03594 
2.28296 -0.546836 
-0.415925 -1.48292 
1.12034 0.100405 
-2.0381 0.61613 
-0.0633376 -0.800227 
0.570344 1.21966 
1.95476 0.943275 
-0.530774 -1.71147 
0.569462 -0.0141075 
-1.09091 0.242957 
0.680439 -1.3597 
0.0494179 1.13333 
2.28775 1.23671 
-0.266429 -0.932954 
0.918236 0.898962 
-0.797132 -0.908618 
1.5662 -1.5486 
-0.0127666 0.263668 
1.99316 1.25187 
-0.69749 -1.50117 
0.505955 0.041187 
-0.0976987 -0.180434 
1.59839 -1.24074 
0.220252 0.514856 
2.89398 0.529188 
-0.488823 -1.23492 
1.22147 -0.825278 
-0.607989 0.248185 
1.15387 -1.06694 
-0.301614 0.851226 
1.30455 0.125531 
-0.154828 -1.29977 
1.04754 -0.190223 
-0.234079 -0.0227284 
0.403202 -1.15434 
-0.0856695 1.38751 
2.19254 0.212071 
-0.130919 -2.10455 
0.901665 -0.684264 
-1.02947 -0.438577 
1.1565 -1.16808 
-0.131983 0.851372 
1.76924 0.0356373 
-0.0639484 -2.1472 
1.08499 -1.51279 
-0.328359 0.00545047 
1.39496 -1.6288 
-0.201651 0.470553 
1.82868 0.283671 
-0.126352 -0.524936 
0.977649 -0.690676 
0.545416 0.338075 
1.31054 -1.34617 
-1.14107 0.133035 
1.74929 0.993488 
-0.593217 0.175242 
1.72784 -1.16196 
1.22371 0.731747 
1.13498 -1.89002 
-0.840266 0.755234 
0.151845 0.455551 
-1.41918 -0.119198 
0.847083 -0.654176 
-0.0913746 0.894213 
0.430291 -2.76784 
-0.197231 -1.11075 
0.663041 0.370532 
-0.632104 -0.332797 
0.69583 -0.929531 
-0.280951 0.417525 
-0.000382947 -2.16109 
-0.80455 -1.83948 
1.69716 1.49348 
-0.543739 -0.17841 
-0.074758 -1.31677 
-0.65037 1.05581 
-0.0412202 -1.65698 
-1.06898 -0.777635 
1.17042 0.0430346 
-0.822086 0.698367 
-0.703522 -0.642354 
0.794402 0.69491 
0.585961 -1.18538 
-1.44231 -0.342903 
1.50997 -0.156415 
-0.527692 1.68053 
-0.666912 -0.79301 
0.728755 0.387562 
0.203497 -1.37478 
-1.26501 -0.0113301 
1.7318 0.119098 
-0.981631 2.53001 
-1.50572 0.129594 
1.57124 -0.833514 
-0.181152 -1.21264 
-0.0275057 0.353202 
1.1817 0.136931 
-0.698492 1.61255 
-1.0808 -0.00327853 
2.01069 -0.42332 
0.584712 -1.59925 
-0.0652876 2.06987 
1.13846 -0.394447 
-1.15086 0.934939 
-1.11338 -0.587683 
0.978269 -0.797556 
0.556001 -1.14398 
0.419363 1.60426 
1.97992 -0.784583 
-0.979016 1.30008 
-0.563618 -0.376694 
0.679168 -0.532541 
0.389018 -0.266618 
0.369145 0.911256 
1.66123 -1.58605 
-0.236073 0.978451 
-0.321644 -1.42014 
0.558426 0.154863 
0.240363 -1.39391 
0.706419 0.196249 
1.42071 -1.15031 
-0.947218 0.33909 
-0.690877 -0.934856 
0.986494 -0.282727 
0.390347 -1.78893 
1.06028 2.20064 
1.62951 -1.59243 
-1.25695 0.753238 
-0.50416 -0.81038 
0.992602 0.349616 
0.615747 -2.53666 
0.934481 2.22035 
1.56757 -0.74075 
0.0488088 1.45726 
-0.0832106 -0.113575 
0.49106 0.341894 
-0.303442 -1.60062 
0.286548 2.07673 
0.426271 -0.892898 
-0.0537352 1.78902 
-0.267841 -1.10142 
0.503091 -0.271901 
0.32937 -2.04536 
0.364013 1.1263 
1.36422 0.240707 
0.250403 2.62754 
-1.43757 -0.883338 
0.292161 -1.61319 
-0.627513 -2.84875 
0.861808 1.10782 
1.3677 0.683306 
-0.586076 1.34092 
-1.76594 -0.412528 
0.379003 -1.44439 
-0.633506 -1.5602 
0.0596191 1.14188 
0.807236 0.635882 
-0.43322 0.411231 
-1.77518 0.229358 
-0.156692 -1.13277 
0.580669 -1.19674 
0.231306 0.940225 
1.21031 -0.393593 
0.417727 1.2619 
-1.74157 0.378814 
0.202171 -1.7505 
1.07902 -1.76294 
-0.603014 0.335656 
1.54805 -0.504735 
0.771426 0.491308 
-1.23174 0.414483 
0.338325 -0.700387 
-0.729882 -1.4097 
-0.590963 -0.177447 
1.07653 -1.8695 
1.37072 0.0726025 
-0.834945 1.04306 
0.0737749 -0.60248 
-1.28099 -1.40003 
-1.68077 0.305841 
0.417881 -2.08495 
1.17589 0.39725 
-1.58455 1.66378 
0.355117 -1.33002 
-1.38966 -0.406906 
0.0685167 0.850955 
0.973614 -0.448074 
0.358024 -0.0130276 
-1.27821 0.807472 
0.380079 -1.13877 
-1.70894 -0.951363 
0.190048 0.769403 
1.37677 -0.727778 
0.799576 0.330061 
-1.87031 0.148934 
-0.0207321 -1.21363 
-1.55532 -1.81826 
0.478799 0.264086 
1.97984 -0.318161 
1.27902 0.941595 
-2.26455 0.483906 
0.177526 -0.891399 
-1.17232 -2.15804 
0.57939 -0.325481 
2.34983 0.111519 
1.40835 0.213444 
-1.17643 1.05 
-0.0872661 -1.53216 
-0.564032 -0.97531 
0.0633112 0.563643 
1.62314 0.416726 
1.38178 0.154463 
-1.28034 0.432558 
-0.806844 -1.87886 
-0.795165 -0.632208 
-0.228739 1.08537 
0.454737 -0.125533 
2.62655 0.641413 
-1.34524 0.484164 
0.319017 -1.58268 
-0.386851 -0.884594 
0.656056 1.0623 
0.923706 -0.202849 
1.49543 1.25375 
-1.12538 0.488695 
0.63229 -1.96771 
-0.168151 -1.45934 
0.793891 1.00382 
1.24806 -0.0168737 
0.933192 2.04721 
-1.18057 0.651453 
-0.210068 -1.58779 
-0.029661 -1.22085 
0.823729 0.936115 
1.40185 -0.607486 
1.40258 0.839052 
-0.22149 0.807145 
0.272844 -1.3386 
-1.04175 -0.387314 
1.1875 1.2704 
0.490865 -0.185755 
1.28926 0.0247497 
-0.880734 0.552368 
0.258698 -2.0554 
-0.617634 -0.94188 
1.75206 1.26753 
1.22779 -0.744429 
0.518934 0.305627 
-0.688871 0.228237 
-0.646116 -1.86326 
-1.96134 -0.483465 
1.09042 0.990394 
1.92113 -1.22811 
1.29635 0.700669 
-1.1419 0.0801007 
-0.147629 -2.22058 
-1.37347 -0.061818 
0.715692 1.04909 
1.00613 -0.943677 
1.58661 0.634253 
-1.68952 0.295505 
0.794468 -1.4705 
-0.169159 -0.0450337 
0.647028 0.887365 
0.687166 -0.645063 
1.41053 0.83024 
-1.14655 0.402109 
0.586954 -2.51207 
-0.617385 -0.672069 
-0.751253 1.60873 
0.867777 -0.56621 
0.624371 -0.0861383 
-0.640295 0.388218 
1.12543 -1.37597 
-1.24948 -0.472039 
0.101544 1.72022 
1.16953 -0.678996 
0.917167 0.257969 
-0.148704 0.395895 
-0.261941 -1.7425 
-0.822123 -1.07808 
-1.12796 1.65058 
1.26329 -0.568478 
0.696416 -0.467134 
-2.04508 -0.377312 
0.702807 -1.06422 
0.0588694 -0.993115 
-0.369784 0.851302 
0.65302 0.097869 
0.861569 -0.745442 
-1.59849 -0.449681 
0.578891 -1.46626 
-0.521545 -1.4268 
-0.765289 0.899201 
0.914382 0.151578 
0.845855 -0.668112 
-0.223271 0.85028 
0.224573 -1.39129 
-0.351102 -1.80327 
-1.45883 -0.56783 
0.863771 0.711947 
0.923966 -1.58904 
-0.241229 0.510027 
-0.765483 -2.19879 
-0.886923 -1.58957 
-1.68547 -0.970828 
0.551854 0.387127 
1.16299 -1.08499 
-0.611306 1.54048 
-0.645882 -1.70458 
0.541395 -2.21516 
-1.97194 0.997784 
-1.11877 0.662952 
2.77615 -0.607415 
0.228025 1.57734 
-0.979922 -0.821248 
-1.35515 -1.33897 
-2.01688 1.49366 
-0.577933 1.22075 
1.52759 -0.363649 
-0.459648 1.32789 
-0.646551 -0.220547 
0.144829 -1.30414 
-0.40914 0.603847 
0.406842 1.72378 
0.510268 -0.561233 
-0.196151 1.52535 
-1.04559 -0.126681 
-0.467948 -1.6891 
-1.03381 0.556954 
0.717887 0.935826 
-1.14592 -0.75422 
-0.317069 1.30428 
-1.91029 -0.170728 
0.140072 -2.34111 
-1.05823 0.514245 
0.768296 0.70058 
0.43796 -1.05137 
-0.697463 1.25349 
-2.44439 -0.257971 
-0.0169295 -1.86363 
-0.754889 -0.504115 
0.764519 1.23975 
0.730131 -0.403841 
-1.69492 1.67793 
-1.91603 0.00930787 
-0.409755 -0.745436 
-1.04412 0.709467 
0.744673 1.49727 
1.02673 0.177748 
-1.05674 0.00176792 
-0.712147 -0.65836 
-0.772256 -0.850112 
-1.38342 0.905415 
0.715292 1.56246 
0.454787 -0.0151034 
-1.87258 -0.509055 
-0.85445 -1.70022 
-0.996163 -0.694397 
-1.51154 0.968315 
0.459429 0.261393 
0.431915 0.582612 
-2.11611 -0.283703 
0.191216 -0.979279 
-1.66342 -1.10296 
-1.8719 1.2096 
0.664662 0.696079 
0.517066 -0.0421393 
-1.13163 0.19469 
0.732461 -1.25708 
-1.15027 -1.22916 
-2.12967 1.08742 
0.594096 0.562879 
0.229198 0.00732417 
-1.04461 -0.7525 
0.89333 -1.44727 
-0.993837 -1.30363 
-1.68449 2.00162 
0.970109 1.24133 
0.383223 0.55467 
-0.698497 -0.887714 
1.33436 -1.19808 
-0.907594 -0.453746 
-1.76035 1.88595 
0.816239 1.37816 
1.11627 0.72903 
-0.121125 -0.643536 
1.6074 -1.65301 
-0.788574 -0.389237 
-1.81067 1.4715 
0.914284 0.586151 
0.90022 -0.258449 
-0.111026 -0.944431 
1.75499 -1.45526 
-0.836875 -0.0992584 
-0.69041 1.46092 
1.26325 0.000918752 
0.440753 -0.739428 
-0.831731 -1.7317 
0.923501 -1.28749 
-1.06551 0.33672 
-0.4782 1.94525 
0.87101 0.482773 
1.27044 0.0898241 
-0.12881 -1.77166 
1.46676 -0.992289 
-1.08757 -0.00957339 
0.51079 2.12596 
1.09064 0.534863 
0.750012 -0.267152 
-0.200459 -2.3676 
2.90838 -0.707926 
-1.65926 0.0418291 
-0.211775 1.64109 
0.54253 1.63024 
0.703778 0.238726 
-0.498267 -1.23589 
2.66435 -0.139277 
-0.853824 0.0389072 
-0.733931 1.67778 
0.801149 1.06652 
1.14367 0.287779 
-0.198932 -2.91895 
1.66212 -0.743763 
-1.91728 0.240848 
-0.722726 1.76229 
1.06107 1.05757 
0.825073 0.782113 
-0.306623 -2.34902 
1.41674 -1.38203 
-1.58052 -0.130948 
1.06124 1.58628 
0.433614 0.471375 
0.506774 1.08663 
-0.0746587 -2.30953 
1.18 -0.683042 
-0.921816 0.801734 
1.12506 0.267088 
-0.497946 -0.454583 
0.763776 1.58051 
0.23486 -1.98596 
0.541663 -1.0848 
-0.271472 1.09105 
0.881264 0.970347 
-0.0779837 -0.684806 
1.61009 1.47525 
-0.860056 -1.68381 
0.565744 -1.34564 
-0.367287 0.396949 
0.0402803 0.917374 
0.37426 -0.451721 
1.2702 1.11493 
-0.00416671 -1.50722 
1.49424 -2.34079 
-0.628212 0.172619 
-0.0348533 0.862615 
-0.338075 -0.856534 
1.44562 1.67344 
-1.19712 -1.30041 
1.26997 -2.06103 
-1.50635 0.0573435 
-0.683965 0.978387 
-0.775443 -0.949712 
0.716147 0.960078 
-0.994621 -0.980996 
1.02265 -0.777398 
-1.35518 0.350441 
-0.428195 1.27727 
0.48599 -1.22128 
0.544311 1.45519 
-0.812659 -0.518124 
0.938884 -1.20738 
-1.86759 -0.458075 
0.266554 2.17235 
-0.293526 -1.29003 
-0.13271 2.11451 
-1.25889 -0.552341 
0.70748 -1.80866 
-1.96606 -0.375793 
0.184296 2.52531 
0.0798469 -1.18684 
-0.451407 0.0831298 
-1.04437 -0.106565 
0.620344 -1.73776 
-1.67801 0.224668 
-0.0737648 2.10729 
-0.450448 -1.11231 
0.494608 0.772859 
-0.502166 -0.113576 
0.778458 -2.37412 
-1.57662 -1.08176 
-0.262628 2.17413 
0.400832 -0.638497 
0.838919 0.538605 
-0.598892 -0.921138 
0.426319 -1.50782 
-2.09678 -1.08129 
-0.10852 1.56473 
0.175606 -0.200972 
1.53404 1.14836 
-1.4916 -0.246116 
0.231012 -1.20126 
-2.26038 -1.39361 
-0.727448 1.7271 
0.359733 -0.0760566 
2.32664 0.641059 
-1.25413 0.378934 
-0.213079 -1.59216 
-1.96536 -0.60409 
0.435651 0.810836 
-0.604872 -0.788165 
2.37292 0.282628 
-0.31627 0.453708 
-0.320556 -1.68984 
-1.99713 -0.4976 
-0.00456147 0.836678 
-0.0297661 -1.54641 
1.56118 0.836697 
-1.70695 0.934538 
0.584373 -0.93099 
-0.687399 -0.489036 
-0.0504309 1.28302 
-0.287139 -1.09129 
1.52748 -0.145527 
-1.44759 0.958614 
-0.0682607 -1.36922 
-1.36748 0.0269651 
0.379781 1.50106 
-0.183761 -0.32105 
2.13052 -0.20657 
-0.547571 0.255831 
0.401038 -2.12949 
-1.76501 0.33159 
-0.462181 0.867233 
0.215971 -0.0554618 
2.15491 0.569267 
-1.53481 0.167648 
-0.989892 -2.40168 
-1.60659 0.0130316 
0.371234 -0.106102 
-0.236365 -1.0873 
1.75464 0.783739 
-1.41469 1.02255 
-0.373772 -0.863066 
-1.55421 -0.537907 
0.676929 -0.785176 
0.293835 -2.07575 
2.08872 0.352189 
-1.70144 0.349828 
0.943045 -0.633186 
-1.42804 -0.253937 
0.55518 0.0459814 
-0.672435 -1.79056 
1.51845 0.212951 
-1.7187 0.0150565 
0.644198 -1.98484 
-0.821664 0.104543 
1.22102 0.555102 
-0.590509 -1.00881 
1.70909 0.825676 
-1.44729 1.13142 
0.330132 -2.13924 
-0.720656 0.265507 
0.399121 0.486398 
-1.04837 -1.98837 
1.43803 0.579259 
-0.727252 0.225095 
1.0452 -2.37184 
-0.211735 1.19137 
0.859009 0.0263091 
-0.177231 -2.00653 
1.20358 1.14103 
-0.790587 0.100778 
0.794568 -2.29891 
-0.488638 1.49173 
1.90636 1.44366 
-0.462667 -1.78377 
0.66327 1.09382 
-2.04221 -0.851029 
1.69285 -2.08278 
-0.26497 1.28192 
1.40937 1.14093 
-1.01202 -1.41497 
0.267342 0.936233 
-2.09336 -0.505241 
1.78738 -1.93444 
-1.24579 1.82991 
2.2121 0.834184 
-0.0573634 -0.654684 
1.07691 1.57166 
-1.78954 0.182651 
1.51738 -2.83303 
0.42555 1.91353 
1.56644 0.893919 
-1.03534 0.0109526 
1.47737 0.554073 
-1.69748 0.653584 
0.808389 -2.66127 
1.38259 1.4495 
1.26656 -0.00165673 
-0.34391 0.148024 
0.79979 2.06062 
-1.65021 -0.44617 
0.0165204 -1.38156 
1.70854 1.2531 
0.674706 -0.204233 
-0.839286 0.178162 
0.746731 1.0214 
-1.501 0.00700012 
0.0300248 -1.53856 
2.01399 0.633143 
1.60747 -1.05263 
-1.54749 0.775245 
1.08072 1.45553 
-0.963292 -0.174693 
0.612164 -0.55161 
2.48503 0.822577 
0.615626 0.583005 
-0.876804 1.18013 
0.0833922 1.87057 
-0.495813 0.241189 
1.46595 -0.484071 
1.16415 0.0138794 
0.175801 -0.836237 
-0.64226 1.34894 
-0.454934 2.70999 
0.72008 -0.254745 
2.0561 0.0541304 
1.7264 -0.283406 
0.578784 -1.22625 
-0.928064 0.675051 
-0.290849 2.21502 
0.190785 0.0919193 
2.20374 1.17982 
1.55166 -0.0813668 
1.36604 -0.854825 
-0.39458 0.75126 
0.668818 1.24006 
-1.00964 -0.505478 
2.36443 0.136291 
1.95965 -0.853395 
0.222954 -1.56156 
-0.544716 0.212356 
0.377581 1.0164 
-1.69684 0.0241592 
1.98009 -0.849366 
1.04325 -0.216824 
-0.902748 -0.728375 
-0.936538 0.258691 
1.25601 1.57719 
-2.05327 0.266848 
0.673364 -1.36254 
0.709485 -0.398787 
-0.624964 -0.417854 
-0.976433 1.6875 
1.72624 0.239253 
-1.07634 0.0167292 
0.567548 -2.98504 
-0.244818 0.20605 
-0.755952 -0.481762 
-0.666615 1.29531 
1.34925 0.861328 
-1.10458 0.153573 
0.321372 -2.30446 
0.75738 -0.223904 
-0.738535 -0.246434 
-1.02194 1.89983 
1.90443 0.405718 
-1.13169 0.519508 
0.537727 -1.5507 
2.22712 -0.691336 
-0.443552 -0.393055 
-0.0640784 1.59442 
1.54936 -0.152452 
-0.869559 0.470416 
0.967249 -0.737055 
1.27395 -1.65897 
0.240899 -1.18338 
-0.0720138 1.70928 
0.928164 0.957259 
-0.797343 0.409729 
0.73356 -0.504244 
0.802725 -2.27198 
-0.629198 -0.624256 
-0.414012 1.39235 
1.42125 0.469584 
-1.26614 1.04254 
0.113345 0.447504 
1.3754 -0.766478 
-0.646841 -0.909652 
-0.936378 2.15378 
0.737916 1.51999 
-0.934971 0.221664 
0.321929 0.630225 
1.85083 0.0567856 
-0.867493 -1.00392 
-1.07371 0.962007 
1.23855 1.8522 
-1.65479 1.49602 
-0.91109 -0.69395 
1.09487 0.341247 
-0.952118 -1.93031 
-1.11801 0.516883 
1.70316 1.99531 
-1.55893 2.06143 
-0.763942 -0.00914804 
1.06539 -1.07549 
-1.59965 0.403815 
0.594585 0.666393 
0.130405 1.51963 
-1.24898 1.78705 
-0.941677 -0.700204 
1.33856 -0.562813 
-2.4365 0.941134 
0.921315 0.595828 
0.244536 1.95413 
-1.54057 2.25892 
0.069231 -0.950835 
0.922593 -0.764796 
-2.02565 -0.150707 
0.918561 -0.653061 
0.653419 1.86182 
-0.805213 1.4917 
-1.30409 -1.96817 
0.26899 -0.744921 
-0.820278 -0.704248 
1.4308 -0.549535 
0.376213 0.835109 
-0.474195 1.66859 
-0.223025 -1.92746 
-0.382606 -1.29529 
-1.1429 0.472264 
1.22381 -0.560801 
1.42798 0.503743 
-0.27344 1.21525 
-0.460642 -1.24645 
-0.248248 -0.716562 
-0.786538 0.731562 
1.32299 -1.61071 
1.37333 1.38066 
-1.54181 1.40539 
-1.15791 -1.16705 
-0.374602 -1.85518 
-0.82871 0.316123 
0.994097 -1.38903 
0.780387 1.70875 
-2.62944 1.61576 
-0.363192 -1.16153 
-0.748625 -1.39289 
-1.3229 0.817803 
1.2798 -0.169459 
-1.0854 0.940701 
-2.82152 1.23518 
-0.0183941 -1.84537 
-1.02075 -0.846511 
0.084033 0.992546 
1.33547 -1.12906 
-0.127538 0.00779572 
-3.00132 0.986298 
0.306167 -1.85875 
-1.08249 -0.640862 
-0.0719074 1.27051 
-4.24297e-05 -0.546672 
0.480897 -0.712115 
-2.10881 -0.489006 
0.551097 -2.09252 
-1.02334 -1.12455 
-0.538238 0.58418 
1.13216 -0.0626309 
0.843692 0.306399 
-1.35038 -1.29424 
0.694637 -1.61289 
-1.69445 0.104228 
-0.376917 1.15027 
1.01561 -0.796269 
0.685633 1.16129 
-1.27001 -1.89799 
0.679981 -0.492694 
-1.82868 0.37805 
-0.71213 0.271644 
1.29015 -0.982079 
0.145656 1.41667 
-1.72643 -0.839762 
0.236283 -0.948736 
-1.4595 0.900691 
0.381702 0.367268 
1.79664 -1.4137 
0.084758 0.756047 
-0.518556 -0.577868 
0.267042 -0.157332 
-0.863988 0.991306 
0.753501 1.83948 
0.994988 -2.13457 
0.663196 1.30942 
-0.632209 -0.838882 
0.186266 -0.511964 
-2.11276 0.86616 
0.545613 1.61195 
1.22201 -1.66216 
0.0183254 1.35446 
-1.86062 0.00994866 
-0.362973 0.0643416 
-1.09009 -0.555412 
0.796799 -0.0734151 
0.972262 -1.13316 
-0.587902 1.3882 
-1.37873 -0.381974 
-0.501104 -0.236505 
-0.883608 -1.09699 
0.975861 0.593742 
1.16098 -1.04391 
0.0201721 2.2644 
-0.470297 0.177746 
0.173815 0.454128 
-0.872169 -0.441588 
0.863698 0.313039 
1.08031 -1.44046 
0.172902 1.9273 
-1.14646 -1.53889 
0.210952 0.329226 
-2.33591 0.404333 
1.35979 0.437233 
0.225223 -1.22021 
-0.208915 1.01305 
-0.563575 -1.70405 
0.90181 -0.198428 
-1.33826 0.400235 
0.470024 -0.0399679 
-0.586029 -0.747657 
-0.717911 0.787286 
-0.05604 -1.35618 
0.26172 1.58504 
-0.896958 0.546143 
1.12915 0.406716 
-2.03808 -0.459112 
-1.1178 0.208138 
0.0603358 -1.24656 
1.14043 1.16306 
-0.44688 1.62935 
0.726102 0.229384 
-1.96159 -0.207147 
-0.262594 0.204051 
0.46774 -1.72871 
1.71755 -0.212369 
-0.639044 1.01194 
0.665956 -0.173997 
-2.96782 -0.42088 
-0.300443 1.24279 
0.0472656 -2.28364 
1.21438 0.171162 
-1.16431 1.29762 
0.866678 -0.566548 
-2.51426 0.412229 
-0.211076 1.17084 
0.266524 -2.38578 
1.25289 0.43695 
-1.15394 1.66404 
0.702676 -0.876368 
-1.71527 0.555854 
-0.392037 0.575413 
-0.0222699 -1.6233 
0.694186 -0.241153 
-0.808566 1.08182 
0.501215 -1.42718 
-1.29979 0.0268752 
-0.701062 2.07285 
-0.899973 -2.08017 
1.50956 -0.588681 
-0.419068 1.12917 
0.376545 -1.07332 
-1.70711 0.0574404 
-0.302014 1.70033 
-1.11273 -1.4685 
2.25861 -0.688468 
-0.525688 0.485718 
-0.478817 -0.824996 
-1.24163 0.242658 
-0.382491 2.2009 
-0.763807 -1.40984 
1.3263 -0.114969 
0.674077 1.32435 
0.385291 -1.64523 
-0.821114 0.546382 
-0.594086 1.76043 
-1.18703 -1.50238 
1.57004 -0.471976 
1.48848 0.720087 
0.531618 -0.468271 
-1.48898 -0.00543677 
-0.975527 1.08945 
-0.400783 -1.18523 
1.07086 0.502424 
1.41546 1.28732 
1.36345 -0.415378 
-1.40088 0.66164 
0.0560271 1.67682 
-0.244358 -1.18561 
2.21831 0.0582736 
1.04115 1.17841 
1.10403 -0.699802 
-0.647163 0.207247 
0.0234572 1.37023 
-0.767753 -0.253801 
1.93412 0.36261 
0.157861 0.0725431 
-0.067361 -1.50793 
-1.40126 0.265557 
0.253728 2.10155 
-0.401542 -0.421795 
1.27366 -1.18025 
0.721916 -0.710566 
0.285848 -1.48038 
-0.772353 0.449092 
0.595996 1.77065 
-0.885442 -1.84913 
0.602399 -1.40808 
0.908283 -1.23627 
-0.365446 -1.33744 
-0.458782 -0.000983703 
-0.0140454 2.1167 
-0.845307 -1.16219 
0.539203 -0.680591 
1.45663 -0.125453 
-0.0304822 -1.66324 
-1.28075 0.844462 
0.458617 1.83454 
-1.52592 -0.900704 
1.25343 -0.561505 
1.03622 -0.108756 
0.100076 -1.3165 
-0.641183 1.14392 
-0.484278 1.97702 
-0.969725 -1.75293 
0.915541 -0.601753 
1.54734 0.713062 
-0.866778 -1.11951 
-0.0694853 0.922095 
-0.683549 2.34116 
-0.741286 -0.74305 
1.61628 -0.712593 
0.446644 0.587689 
-1.48154 -1.53381 
-0.548498 1.19868 
0.268431 2.96348 
-1.27669 -1.28846 
1.67994 -0.257435 
0.951466 0.443518 
-1.07639 -1.74179 
-0.371303 1.61585 
-0.708681 2.60734 
-0.760117 -1.68972 
1.33195 -0.585134 
1.34239 0.505726 
-1.32197 -1.145 
0.134299 1.42305 
-0.932338 2.76658 
-1.93816 -0.729359 
1.34147 -0.744208 
1.08427 -0.373029 
-0.873655 -0.516959 
0.206013 2.53097 
-0.707706 1.34231 
-0.906389 0.11972 
1.64171 -0.464432 
1.49162 -1.13901 
-0.693478 -0.822752 
0.210663 2.45923 
-0.0500518 0.931724 
-1.77187 -0.505384 
1.54385 -0.712489 
1.46114 -1.04859 
-1.00951 -0.808712 
0.893755 1.15833 
-0.196296 1.2302 
-0.956146 -0.50761 
0.909323 -1.69152 
2.57432 -0.0656648 
-0.558951 -0.680816 
0.625249 1.29003 
0.421195 0.0919885 
-1.60893 -0.0654639 
0.863503 -1.65075 
1.38115 -0.544528 
-0.805242 -1.21169 
0.899098 0.996637 
-0.374485 0.863587 
-1.11148 -0.594969 
1.11736 -0.994958 
2.82099 -0.301215 
-0.487155 -0.0826903 
0.0907712 0.937169 
0.259809 1.51083 
-0.182546 -1.23947 
1.06071 -0.560357 
2.21391 -0.940113 
-0.455869 0.493278 
0.616568 1.24413 
0.0175185 1.26454 
-0.137959 -1.4491 
1.68258 -0.74008 
2.10611 -1.12216 
-0.547872 0.315688 
0.310904 1.02334 
0.290317 2.50816 
0.493402 -1.30162 
1.29254 -1.10903 
1.38887 -2.0309 
-0.826732 -0.459157 
0.761192 0.34398 
-0.440796 1.6311 
0.210879 -1.46872 
1.70933 -1.05433 
0.981569 -1.5015 
-0.479056 -0.358452 
0.461814 0.881469 
-0.456451 1.93123 
0.0768487 -2.72783 
0.558232 0.636582 
0.684105 -1.19026 
-1.11578 0.055879 
0.0224592 0.489923 
-0.0599663 1.16135 
-0.00755613 -0.976053 
1.91023 0.806745 
0.681113 -1.72613 
-1.32895 0.602808 
0.448848 0.745661 
-0.995006 0.963628 
-0.354411 -0.404688 
2.56294 0.141996 
0.0955924 -2.18321 
-1.78556 0.279381 
-0.363631 1.21862 
-1.258 1.31667 
0.188596 -1.18061 
2.50626 -0.460233 
1.36272 -0.297236 
-2.218 0.174983 
0.143277 2.08344 
-0.938078 1.38242 
0.12799 -1.872 
2.52537 -1.08064 
0.799452 -0.51889 
-1.79656 -0.689627 
-0.0635508 1.73334 
-0.611662 2.08083 
-0.181707 -1.70452 
2.93437 -0.567521 
1.08114 -0.253176 
-1.67141 -0.160797 
-0.482036 1.11549 
0.041505 0.895195 
0.636057 -0.979001 
2.18823 -0.590051 
1.63763 0.267844 
-2.17384 -0.509625 
1.3868 1.64936 
0.0229377 0.916996 
-0.596491 -1.27653 
2.70056 -0.29184 
0.801145 -0.962432 
-2.51436 -0.084425 
0.631962 1.90423 
0.175748 0.555008 
-0.382486 -0.572281 
2.4072 -0.582544 
0.798868 -0.500147 
-1.96929 -1.17011 
0.427233 1.3787 
-0.31732 1.66722 
-1.44332 -0.890053 
1.31333 0.010083 
0.90695 -0.648365 
-1.82287 -1.47729 
-0.354756 2.06172 
-1.12755 0.6268 
-1.85575 -0.915775 
1.38525 -0.711054 
1.33186 -0.174237 
-0.826403 -1.04441 
0.124771 0.869036 
-1.35536 1.39917 
-1.16381 -1.00721 
1.59914 -1.15453 
1.32617 -0.140943 
-1.38829 -1.8717 
-0.154474 -0.112042 
-0.85511 0.832465 
-1.42953 -0.37884 
0.888815 -2.12708 
0.608494 -0.654711 
-1.55001 -2.01069 
-0.173558 0.618662 
-0.506848 1.46851 
-1.03109 -0.13862 
0.212605 -0.383954 
0.272095 0.270036 
-1.45851 -2.16063 
-0.816463 0.829283 
0.153291 2.00881 
-0.943705 -0.32171 
1.14486 -1.08528 
0.402927 0.263858 
-1.39692 -1.07781 
-0.519802 0.711228 
-0.0684333 1.87412 
-1.59324 0.139148 
0.87136 -1.41492 
0.899963 -0.879253 
-2.76289 -0.736062 
0.0995403 0.014021 
-0.116587 1.88357 
-1.23818 0.956046 
0.387664 -1.30641 
0.671159 -0.959019 
-2.28541 -0.516467 
-0.263926 -0.0546869 
-0.736789 2.28099 
-1.66904 1.10862 
0.423351 -0.868381 
1.6774 -0.839688 
-2.11307 -0.376465 
0.693125 0.0382194 
-0.877029 1.47523 
-1.52617 1.04501 
0.618611 -1.60885 
2.06739 0.221344 
-1.2551 -0.965883 
0.211722 0.277748 
-0.915041 1.16324 
-2.23871 0.682211 
1.05727 -2.28196 
2.44795 -0.293024 
-0.93173 -0.687184 
0.286349 0.778525 
-0.404668 2.3414 
-1.65171 0.589342 
1.14896 -1.51573 
1.68094 -0.0931956 
-0.590757 -1.0734 
-0.270368 1.58147 
0.576932 2.10083 
-2.39429 0.657092 
1.08246 -1.68588 
1.55294 0.107029 
-0.467332 -0.779069 
-0.701443 0.899853 
0.276174 1.62813 
-2.62156 0.558963 
1.05687 -0.800223 
1.17833 0.00654208 
-0.548718 -1.10828 
-1.33405 0.555044 
-0.905794 0.71604 
-2.68007 -0.0284818 
-0.405249 -1.46329 
1.10074 0.254002 
-0.390429 -0.369208 
-1.42816 0.302208 
-0.528603 1.15169 
-2.8209 0.186404 
-1.01359 -1.9444 
0.796637 0.49881 
0.210625 -0.320359 
-1.24568 0.811069 
-0.343612 0.28784 
-1.45776 0.165561 
-1.01699 -1.32847 
1.13205 0.573466 
0.480252 -0.209803 
-1.2184 0.289554 
0.140966 -0.462294 
-1.36145 0.260666 
-0.646151 -1.97599 
0.927999 0.720588 
1.22933 0.260246 
-2.3112 0.122107 
0.84607 0.583473 
-0.907904 1.00222 
-0.821816 -1.77887 
0.997043 0.661937 
1.55148 -0.590877 
-1.66561 0.437188 
1.2389 -0.252128 
0.148888 0.822296 
-1.47525 -1.86586 
1.4049 1.46172 
1.66144 -0.611714 
-1.93989 0.262884 
0.755162 -0.111542 
-0.421057 1.73396 
-1.47529 -1.15717 
1.20698 0.500663 
0.981405 -1.11159 
-1.25836 0.246952 
1.27625 -0.202927 
0.190819 0.957168 
-0.791084 -1.24535 
1.12446 1.02508 
0.65717 -1.32095 
-1.59531 0.615237 
1.71587 0.0980219 
-0.633267 1.46731 
-0.413425 -1.58581 
2.23222 0.510795 
-0.344674 -1.59197 
-1.58993 1.59472 
2.02438 0.683671 
-1.03837 0.354238 
-0.430357 -0.34629 
1.90904 -0.341583 
-0.950989 -0.585914 
-2.0931 1.50241 
1.35536 1.64263 
-0.947322 0.441281 
0.647638 -0.966575 
2.16664 -0.220375 
-1.38133 -1.03727 
-2.05324 0.995985 
1.18533 1.44331 
0.0729687 0.686505 
1.31144 0.237202 
2.4689 -0.391674 
-1.70995 -1.27779 
-1.57462 1.99314 
0.741485 1.69839 
0.0448189 0.828783 
1.15815 0.0935482 
2.20744 -0.217921 
-0.510812 -1.48106 
-0.198942 -0.0077099 
0.645821 2.30714 
-0.300714 1.78045 
1.83517 0.2019 
1.78548 -1.55085 
-0.30861 -0.939651 
-0.00960958 0.839358 
-0.606253 2.72578 
-0.802817 1.88322 
1.50795 -1.84546 
1.90609 -0.0984015 
-1.10434 -0.938825 
-0.532314 0.718754 
0.526276 1.71895 
-0.330547 1.09807 
-0.163564 -1.79109 
1.12016 0.868379 
-0.00756223 -0.498252 
-0.890559 -0.109143 
0.215059 1.13836 
-1.32418 0.66025 
-0.13334 -2.94396 
1.02764 0.829399 
0.135004 -0.709313 
-1.67794 -0.569421 
0.314651 1.59977 
-1.97318 0.587496 
-0.110197 -1.49452 
0.55397 0.000489392 
-1.15466 -1.38178 
-0.973317 0.021717 
0.158028 1.62606 
-1.12506 -0.240303 
-0.965838 -1.92688 
1.01553 -0.753773 
-1.45822 -1.13482 
-0.885922 0.198355 
0.882085 1.07701 
-1.45063 -0.517181 
-0.505446 -1.13868 
0.727255 -0.764416 
-1.46221 -0.974523 
-0.527056 0.701695 
2.08162 1.48836 
-1.02141 -0.0816577 
-0.531094 -0.998012 
-0.282493 -0.528613 
-1.66571 -0.879835 
-0.818729 0.378155 
2.44219 0.982275 
-0.324095 1.57504 
-0.323576 -0.446823 
0.162992 -1.67516 
-1.45856 -1.71577 
-0.0887331 1.00401 
1.97032 0.666506 
-0.723745 2.09376 
1.34049 0.192063 
0.114156 -0.0534211 
-0.33002 -1.77225 
-1.06476 0.310137 
1.7489 0.457797 
0.05242 1.7157 
1.02835 -1.529 
1.27823 0.237171 
-0.381999 -1.83783 
-1.39008 0.673736 
1.18564 1.15838 
-1.05558 -0.0243617 
1.19184 -0.956754 
1.67161 1.27231 
0.105404 -0.837252 
-1.44587 0.346141 
2.81326 0.431178 
-0.168373 0.801329 
1.39042 -0.528645 
1.14136 1.14928 
0.21317 -0.358059 
-1.22251 0.0381472 
2.55829 0.818153 
-0.548752 1.74892 
0.476498 -0.632778 
-0.0293574 1.20262 
-0.227944 -0.541006 
-0.972324 -0.785487 
1.86612 0.124878 
-1.32727 1.41299 
0.544133 -0.211328 
0.70385 0.692021 
-0.227926 -0.530228 
-0.478597 0.377064 
2.83852 -0.274668 
-1.69817 0.838355 
-0.286569 -0.245458 
0.36571 0.323517 
0.404065 -1.89254 
-0.899671 0.0462203 
2.66867 -0.162864 
-1.54678 0.647495 
0.319794 -1.03042 
0.870272 0.184104 
0.198195 -1.94818 
-0.433009 -0.0365098 
1.70259 -0.713172 
-0.31636 1.2401 
-0.796088 -1.18405 
0.246465 0.552742 
-0.566982 -2.52404 
-0.555243 -0.156027 
0.447151 -0.469578 
-0.774283 1.50023 
-0.982788 -1.00878 
1.11656 0.504011 
-0.037664 -1.30153 
-0.531916 0.446523 
1.31785 0.19083 
-0.510304 0.833715 
-0.285633 -1.29251 
1.80955 0.565399 
0.476274 -1.13732 
-0.000522068 1.63398 
1.34036 -0.327362 
-0.839771 0.776242 
-0.924509 -0.223683 
2.59152 0.529705 
0.723926 -0.879635 
1.04918 1.45094 
1.54194 -0.0567611 
-0.415682 1.95289 
-1.46496 -0.748441 
2.07393 1.30372 
-0.191396 -0.576836 
0.233394 1.21145 
1.81139 -0.682107 
-0.459533 1.37636 
-1.28461 0.0582873 
2.39216 0.980483 
-0.507777 -0.634171 
0.854978 0.911879 
1.16457 0.249937 
0.496056 2.18542 
-0.553662 1.0009 
1.91616 -0.717077 
-0.901556 0.717338 
0.926706 0.817108 
0.988964 0.227221 
0.64812 2.09725 
-1.3849 1.91152 
0.154051 -1.14025 
-2.58216 1.42755 
1.4731 0.361052 
0.620802 0.244273 
1.14986 1.83339 
-0.969211 1.453 
0.205985 -1.26048 
-2.13767 1.67909 
1.18116 0.229864 
0.25947 0.768446 
0.872455 2.18968 
-0.969362 0.866263 
-0.489534 -1.17912 
-1.31977 1.24417 
1.1576 -0.260095 
0.198012 -0.259929 
0.309932 1.73941 
-0.346908 0.868537 
-0.127734 -1.02333 
-1.77841 1.96957 
1.81764 -0.134052 
0.525605 -1.07525 
1.41376 1.97999 
-0.219406 0.935048 
-0.172343 -0.251977 
-1.33406 2.09828 
1.80707 0.756553 
1.58048 -0.861277 
2.82121 0.910061 
-1.07907 1.19409 
-0.129111 -0.13964 
-1.087 1.19252 
1.01679 0.412285 
0.88763 -1.02546 
1.65721 0.397473 
-0.804137 1.29933 
-1.46134 -0.774851 
-2.37522 0.0920996 
0.206487 0.187221 
0.575325 -1.48548 
1.17602 0.334977 
-0.102995 0.542436 
-1.18375 -0.774046 
-1.75028 0.265598 
1.20371 1.08128 
0.793786 -1.4836 
1.38685 -0.623651 
-0.495262 1.05345 
-0.144778 -0.204551 
-2.13554 0.652566 
0.876 0.507575 
1.10539 -1.785 
1.80292 -0.191377 
0.23466 0.879908 
-0.620635 -0.783257 
-1.73777 0.314904 
1.91706 1.16918 
0.694453 -0.930394 
1.76467 -0.616971 
0.523266 1.84334 
-1.12838 -1.25604 
-1.92013 0.154892 
1.12051 1.26016 
1.0509 -0.0015394 
1.52553 -0.595539 
1.04823 1.64676 
0.506378 -0.704507 
-1.0933 0.326328 
0.498043 1.42607 
0.311804 0.325531 
1.29763 -0.287871 
1.06121 1.3692 
0.514987 -0.829294 
-0.517091 -0.859988 
0.570929 2.1465 
-0.242892 -0.450017 
0.94379 -0.0877792 
1.50777 1.46391 
0.91155 -0.849684 
-1.82696 -0.745373 
-0.459665 0.709219 
-0.582871 0.133621 
0.587085 0.349699 
0.915654 1.60411 
0.784133 -0.852689 
-2.10998 -1.07681 
-0.947294 0.191095 
-0.409606 -0.155822 
1.20659 -1.36121 
-0.162274 1.3537 
0.589604 -0.738273 
-1.58265 -0.762236 
-0.389027 1.5537 
-0.252794 -0.85969 
1.89626 -1.71528 
-0.562892 0.681821 
-0.117111 -1.27445 
-1.44706 -1.11867 
-0.153718 0.958544 
-0.126575 -1.71895 
1.36822 -1.12649 
-0.327625 0.966392 
-0.0657997 -1.76855 
-0.888107 -0.609912 
1.01172 1.94709 
-0.202882 -1.24395 
1.05749 -1.54091 
0.119123 1.50535 
-0.333466 -2.1294 
-1.03287 -0.260598 
1.73108 1.95998 
-2.24296 -0.93189 
0.899141 -1.68034 
0.730824 1.11825 
0.229872 -2.00221 
-1.15988 -0.574912 
1.49677 1.48339 
-1.6222 -0.469724 
-0.337197 -2.47395 
0.550472 0.227697 
0.856908 -1.27887 
-0.711352 1.23898 
1.29301 0.746183 
-1.17821 -0.59924 
-0.182758 -1.52479 
-0.182786 0.38867 
0.906571 -1.44648 
-0.346918 1.02967 
1.61235 0.728573 
-0.74535 -0.156896 
-0.652949 -1.14671 
0.839861 1.70742 
1.75682 -1.8223 
-0.0528835 1.45351 
0.912781 0.974486 
-1.32494 -0.917763 
0.212969 -1.73054 
0.457509 0.483283 
1.15766 -1.44327 
-1.44449 1.87217 
1.69965 1.26832 
-1.03424 -0.537319 
1.0817 -0.695333 
0.0102075 0.200109 
0.899101 -2.38529 
-1.00987 1.17931 
1.81697 1.22996 
-0.521103 -0.363764 
0.864982 -0.258752 
-0.182698 0.981575 
1.02286 -1.3613 
-0.866288 -0.175715 
3.07064 1.54804 
-0.525062 -1.40343 
2.69812 -1.14591 
0.509606 1.69931 
0.92662 -0.94868 
-1.63256 -0.67162 
2.55014 1.74105 
-1.05503 -0.535226 
1.54042 -0.350279 
-0.466193 1.83697 
0.271534 -1.32204 
-0.514638 -0.588788 
1.8053 0.0718131 
-1.95723 0.145558 
1.56089 -0.928872 
-0.104298 2.01096 
-1.0403 -2.53017 
-0.893576 -0.318965 
0.218741 1.13352 
-2.58259 -0.317921 
1.66281 -0.366039 
0.455387 0.99934 
-1.34123 -1.76462 
-1.08164 -0.187438 
0.622033 0.656124 
-1.901 -0.0864119 
1.31298 -0.413134 
-1.31172 1.92807 
0.634503 -1.14502 
-1.11818 0.685961 
0.337623 1.10954 
-1.82465 -1.68229 
0.821924 0.714166 
-1.32665 2.50639 
0.25779 -1.08774 
-0.568284 -0.893335 
0.877854 1.30824 
-1.76675 -1.54366 
0.389135 -0.0311884 
-0.71921 1.81977 
0.613342 -1.2101 
-1.11686 -0.575538 
-0.0800091 1.54011 
-2.04882 -2.24276 
1.17918 0.135141 
-0.66869 1.85776 
0.186059 -0.592669 
-0.343314 -0.540572 
-0.736548 1.05503 
-0.667872 -1.54398 
0.627617 -0.400779 
0.370478 0.820727 
0.84445 -0.30674 
0.104822 -1.44664 
-0.599053 1.45026 
-1.10066 -0.189001 
0.00535523 -1.79958 
1.00743 0.915844 
0.97962 -0.218822 
0.243246 -0.425176 
-1.07947 0.785739 
-1.44598 0.0261423 
-0.0490292 -1.74433 
0.656197 0.858439 
1.36447 0.694194 
0.963848 -0.770083 
-0.552141 0.798826 
-1.94441 -0.997763 
-0.93559 -2.20498 
0.943453 1.72863 
2.64131 -0.40708 
1.15533 -0.82455 
0.355923 0.497254 
-0.445995 -1.14726 
0.976519 -1.18511 
0.18416 1.43503 
1.83834 0.0204132 
0.103173 -0.76798 
0.307936 0.78177 
-0.993229 -0.666488 
-0.0293865 -1.1799 
0.203867 2.39596 
2.19821 -0.290656 
-0.420572 -1.36781 
1.30885 0.378293 
-1.25593 0.209828 
-0.420912 -0.610148 
-0.649298 0.369661 
1.65688 -0.560225 
-0.41185 -1.32407 
1.66792 0.357827 
-2.35327 -0.357484 
0.675654 -1.66269 
-0.383394 1.50943 
1.54771 -1.31053 
-0.343294 -1.74491 
0.694652 0.878292 
-1.53194 0.202688 
1.59068 -1.58456 
-0.175398 3.00254 
1.13353 -1.52388 
-0.522367 -1.0391 
-0.158007 1.23422 
-1.55738 0.542637 
1.61443 -0.222719 
-0.302 2.74049 
1.75776 -1.27576 
-1.47248 -0.952653 
0.78006 1.17173 
-2.12179 0.746582 
0.275349 -0.0330635 
0.176996 1.6052 
0.862406 -0.127106 
-1.33568 -0.172275 
0.858911 1.13145 
-2.51962 0.118016 
1.36943 -1.25603 
0.0302888 1.4209 
0.699144 -0.687115 
-0.759027 0.328582 
0.354064 0.42047 
-1.53474 0.977112 
0.15451 -1.68864 
0.446411 1.62118 
0.995643 -0.663381 
-1.24729 0.455556 
0.0824405 0.817731 
-1.55881 -0.126928 
-0.0306268 -0.830786 
0.621522 0.871168 
0.0550549 -1.55694 
-0.825234 0.146084 
0.462267 0.304099 
-0.719282 0.939401 
0.204077 -1.94935 
1.52236 0.531105 
0.81674 -1.43881 
-0.891184 0.698837 
0.424453 0.291807 
-0.266309 0.56124 
-0.715925 -1.26334 
1.46435 0.496382 
1.16049 -0.699704 
-0.603454 0.0319156 
0.506281 0.855797 
-0.321381 1.16606 
-0.419863 -2.1773 
2.15047 0.412667 
0.260914 -0.748024 
-0.999127 0.801591 
0.667015 0.732386 
-1.04227 0.230323 
0.221716 -1.30024 
2.48793 -0.581601 
1.00058 -0.140425 
-1.63736 0.33222 
1.07919 0.612697 
-0.560232 -0.309177 
0.0910619 -1.87645 
2.45223 -0.198584 
1.26546 0.367736 
-2.01106 0.0227924 
0.70406 1.19456 
-0.867951 -0.320278 
-0.715055 -2.13105 
1.84731 -0.41484 
0.129662 0.0841433 
-2.33522 -1.02613 
0.620134 1.76981 
-2.17804 0.428355 
-1.05871 -1.47214 
1.40396 -0.656409 
0.807979 0.622069 
-1.12766 -0.468997 
-0.416769 1.54984 
-1.77376 0.423484 
-1.70592 -1.20319 
1.32167 0.0086164 
0.558411 1.15874 
-0.825648 -0.811491 
-0.543413 0.761822 
-1.40339 0.189585 
-1.09871 -1.36468 
1.54835 2.07322 
0.879153 1.49192 
-0.298266 -1.18967 
-0.904524 0.692187 
-1.56977 1.67191 
-0.675259 -1.58069 
1.59389 0.569944 
0.981868 2.39187 
0.338088 -1.1548 
-0.789538 0.826123 
-0.208083 2.20058 
-1.57913 -0.78572 
0.956993 0.669037 
1.03467 1.30678 
0.986349 -0.842985 
-0.918038 1.11837 
-0.252022 2.13686 
-1.23485 -0.400776 
1.51169 0.27551 
1.25103 0.707934 
0.787133 -1.39649 
-1.5854 1.5339 
-0.5988 2.00949 
-1.33022 0.110344 
1.15068 0.217174 
0.0976711 0.715276 
0.0244089 -1.11997 
-1.46431 0.899878 
-1.89898 1.77139 
-1.35065 -0.287683 
0.595202 0.049876 
0.551716 1.65891 
0.762485 0.390393 
-0.582658 0.184712 
-1.16714 1.88021 
-0.594124 -0.0441133 
1.22548 0.781041 
0.661643 1.95066 
1.27209 -0.270426 
-0.939804 1.38544 
-1.32771 2.53048 
-0.366529 -0.0222354 
0.380459 0.327106 
0.296345 2.47956 
0.68582 -0.719829 
-1.50359 0.15957 
-0.731803 1.8494 
-0.441204 -1.17501 
0.608398 0.415861 
0.350614 1.69181 
0.870251 -1.56386 
-0.917107 -0.246635 
-0.415025 1.17416 
-0.266133 -1.01949 
0.894558 0.517085 
-0.334655 0.92404 
0.489725 -1.36092 
-0.55324 -0.605316 
-0.405322 1.95658 
-0.113877 -0.3699 
1.62403 0.151184 
0.517477 0.724199 
-0.122116 -1.92472 
-0.804092 -0.0717052 
-0.566488 1.14579 
0.215849 -0.655183 
0.580206 0.598886 
1.24709 0.375083 
0.436857 -1.30815 
-0.992689 0.0265266 
-0.148008 0.293151 
-0.459734 -1.41182 
1.66939 1.73026 
1.85463 -0.342359 
-0.0732655 -0.867536 
-0.311634 1.20958 
-0.75839 1.23466 
-0.196317 -1.70294 
0.676474 1.31045 
1.17101 0.235808 
0.0683505 0.209169 
-0.597345 1.73026 
-0.519178 1.71936 
0.290365 -1.41571 
0.763485 0.658664 
0.892896 0.490355 
-0.292355 -0.72202 
-0.84765 0.35172 
-0.521138 0.865328 
-0.193164 -2.01519 
1.19628 0.604418 
0.938284 0.127173 
-0.122396 -0.853026 
-0.774737 0.0826931 
-0.40607 0.186556 
-0.0625797 -1.98286 
2.07458 0.93777 
0.859586 1.47817 
-0.403518 -0.943414 
-1.7006 0.704889 
0.462927 0.152808 
1.16497 -0.450759 
2.38352 1.64198 
0.128141 1.37606 
-0.92494 -0.687008 
-1.796 0.00935986 
-0.841348 -0.314414 
0.611045 -1.30032 
1.74757 1.66599 
-0.6104 1.02206 
-0.20946 -0.253543 
-2.34869 -0.441112 
-0.351984 0.950069 
0.0900184 -1.34872 
1.09327 1.15709 
-0.946145 0.58303 
0.786829 -0.0631553 
-1.95496 -0.990855 
-0.265547 1.5409 
0.214431 -0.478345 
1.30292 1.34349 
-1.32383 0.253264 
1.92101 -0.325394 
-2.01888 -1.14026 
-0.504019 1.12711 
0.294725 -0.30751 
1.00899 1.03064 
-1.22762 1.02715 
1.46642 -0.684783 
-1.59613 -0.65466 
-0.556695 0.0207969 
0.210141 -0.754132 
1.26945 1.08332 
-0.920945 0.330778 
1.6538 -0.94964 
-1.38276 -0.974949 
-0.429943 0.639829 
0.533037 -1.05528 
0.694507 1.83454 
0.324873 0.0565226 
1.69467 -1.25753 
-0.810315 -0.309851 
-0.646903 1.01701 
0.200166 -0.861873 
0.577272 1.96057 
0.593056 0.324754 
1.16046 -1.54959 
-2.0872 -0.30785 
-0.857008 1.81397 
0.00863268 -1.00988 
0.68096 1.48259 
-0.499725 0.30124 
0.621389 -1.97891 
-1.87743 -1.14071 
-1.4939 1.49959 
0.0956844 -0.238014 
0.133188 1.97449 
0.67007 1.03754 
0.591809 -1.13185 
-2.17579 0.130712 
-2.44946 -0.0852302 
-0.0774889 -0.170992 
-0.302935 2.41498 
1.52701 0.871973 
1.15401 -1.63027 
-1.79281 0.0536348 
-0.492177 0.0452964 
0.594694 -0.550705 
0.984848 1.99637 
0.439658 0.482657 
0.318023 -1.35582 
-1.49422 0.353512 
-0.636741 -0.590722 
0.171151 -0.802713 
1.26061 1.29626 
-0.586744 1.00505 
0.0399813 -1.56853 
-1.2484 0.854471 
-1.58535 -0.0110391 
0.682298 -1.33678 
0.968461 1.04445 
0.0710166 1.23952 
0.717679 -0.593841 
-1.24451 0.575503 
-1.84869 0.0684605 
0.233397 -1.59758 
1.46142 0.269409 
0.067236 1.86453 
0.852839 0.324587 
-0.736794 -0.0955195 
-1.04078 -0.652343 
1.18401 -0.506012 
1.89717 0.698637 
0.188566 1.29139 
0.942131 0.543476 
-0.762439 0.00125488 
-0.432207 -0.0365529 
0.456603 -0.89234 
1.25644 0.77751 
0.220286 1.57896 
0.643269 0.242174 
-1.49562 -0.902234 
-0.787251 0.384627 
0.927429 -0.540944 
0.830527 1.76814 
-0.0934861 1.68726 
0.382894 -0.242109 
-0.137709 -1.08308 
-1.04803 -0.824133 
1.97296 -0.950113 
1.47113 1.79099 
-0.0340844 1.07741 
0.34608 -0.571127 
-0.885613 -0.0414312 
-0.908047 -0.619109 
0.307556 -1.22771 
0.536162 1.21938 
-0.192016 0.521168 
-1.36025 -0.897837 
-1.41834 0.592897 
-1.60172 -0.151455 
0.907258 -1.54901 
0.661678 0.852123 
0.194026 0.0715236 
-1.88582 -0.72334 
-1.40807 1.26971 
-1.7839 -0.492222 
1.29749 -1.11818 
0.894206 0.986124 
0.759526 0.65966 
-0.528946 -0.51912 
-0.204117 1.37201 
-0.733544 -1.11226 
1.18799 -0.779151 
1.41009 1.0388 
1.80924 -0.44415 
-0.347165 0.55049 
-0.468915 1.862 
-1.12131 -1.04687 
1.87768 -0.825985 
-0.0608437 1.60867 
1.05338 0.888805 
0.445663 -0.498826 
-1.02713 0.542312 
-1.03655 -1.32618 
2.42627 -1.45181 
-0.258441 1.87696 
0.79211 0.67308 
0.927785 -0.551969 
-1.15367 0.011126 
-1.86608 -1.06119 
2.14375 -0.219168 
-1.78545 1.51117 
1.7364 1.4539 
2.14227 0.034206 
-0.784202 -0.00438423 
-2.12434 -1.55699 
1.99908 -1.25164 
-1.52997 1.1459 
1.13821 1.15289 
0.656722 -1.16726 
-0.237963 0.735821 
-1.66587 -1.95378 
2.15205 -1.04752 
-1.76478 1.12187 
0.709296 0.38662 
-0.357565 -0.888359 
-0.0487348 0.463837 
-1.07277 -1.15287 
1.68893 -0.239692 
-0.814612 1.21359 
1.26222 1.34559 
-0.162719 -0.703127 
-0.0622834 1.24713 
0.0774309 -2.22618 
1.03 -0.0365213 
-1.07208 1.5611 
1.41721 0.711484 
-1.0317 0.216949 
-0.474231 1.56036 
-0.200553 -2.36866 
0.513452 -0.758944 
-0.945539 0.818121 
1.47459 0.945361 
-0.449561 -0.508139 
-0.487847 2.49756 
-0.612355 -2.85227 
0.75439 -0.497137 
-1.0213 1.34855 
1.59252 0.432502 
-0.202848 0.216284 
-0.118165 2.17783 
-0.330526 -2.608 
0.858639 -0.394723 
-1.07268 0.84486 
0.55516 0.422957 
-0.463827 0.225222 
-0.567176 1.90834 
1.15663 -2.08224 
0.503166 0.0351125 
-0.853929 0.438573 
0.301261 -0.4319 
-1.64316 -1.15368 
-0.413375 1.92871 
0.98832 -1.24615 
1.46754 -0.0279631 
-1.34095 0.630537 
-0.465343 -0.878667 
-1.34619 -1.16911 
0.783181 0.450248 
1.6215 -1.15106 
2.21414 -0.705713 
-1.50663 0.357916 
-0.400944 -1.17736 
-3.17702 -1.47199 
0.211104 0.336507 
1.74861 -0.804026 
1.46109 0.0113005 
-1.57669 -0.586719 
-1.12042 -1.74968 
-1.84161 -1.03441 
0.509468 1.221 
1.03941 -1.76474 
0.903395 0.63261 
0.508563 -1.56356 
-0.998927 -1.29458 
-2.0696 -1.15674 
0.0126931 1.24578 
1.90138 -0.320695 
-0.177238 0.613212 
-0.219938 -1.29882 
-0.505425 -0.417817 
-2.4291 -0.894982 
0.462226 0.832805 
0.893109 0.79286 
-0.822838 0.174825 
0.562545 -2.50199 
0.246236 -1.28249 
-3.56645 -0.646794 
0.381467 -0.349016 
0.278606 1.17665 
-1.59871 0.270371 
0.805762 -2.21023 
0.758769 -0.775266 
-3.45082 -0.847589 
0.318102 0.0161021 
-1.14877 1.14504 
-1.69102 -0.0159766 
1.77292 -2.20281 
-0.0749084 -1.85925 
-2.41225 -0.966393 
0.276244 0.276978 
-1.08474 2.06873 
-0.703554 -0.900335 
1.22693 -1.71341 
-0.636426 -1.99836 
-1.5228 -0.291506 
1.2814 1.13062 
-1.23456 2.26775 
-0.434959 0.0600198 
1.7071 -1.6569 
-1.19696 -2.32013 
-1.77478 -1.49585 
1.4558 0.0193627 
-0.995825 1.14171 
-0.155571 -0.674472 
1.49878 -1.58368 
-0.389987 -2.52373 
-0.96466 -1.6854 
0.740476 1.36461 
-0.429176 0.742478 
-0.435613 -0.775272 
0.117818 -0.0918715 
0.42467 -2.43879 
-0.968885 -0.382715 
1.4712 1.18794 
-1.63147 1.18066 
-0.767964 -0.400768 
0.33036 0.920077 
0.843263 -1.4961 
-0.87934 0.782987 
1.38609 0.493505 
-1.5657 0.847447 
-1.01688 -1.17446 
-0.271594 0.710441 
0.916866 -1.11756 
-0.795608 0.528448 
1.56162 0.19595 
-0.63532 0.53123 
-0.385469 -0.506236 
-0.0517176 0.41068 
0.425537 -1.35209 
0.146368 0.451747 
1.91915 0.679061 
-1.02029 0.947994 
-0.955127 -1.35342 
0.975386 0.947058 
1.21445 -1.32538 
-0.783144 -1.0727 
0.561725 0.418648 
-1.4737 0.68387 
-1.13084 -0.803403 
0.075858 1.5097 
0.820476 -1.7619 
-0.334306 -1.57943 
0.00276476 0.959044 
-1.5522 0.388392 
-0.873692 -1.02495 
-0.916322 1.36832 
1.06024 -1.61186 
-0.0347793 -1.70702 
-0.0290075 0.601855 
-2.01742 0.0383856 
0.431665 -1.39121 
0.373673 0.57329 
1.01882 -0.691226 
-0.167549 -0.0701894 
0.763664 1.88804 
-1.48111 0.35419 
-1.6146 -0.957626 
0.136221 0.662732 
1.43829 -0.26728 
-0.220105 0.313647 
0.37469 1.98276 
-1.56213 0.185569 
-1.034 -0.87594 
-0.310024 1.05245 
1.65499 -0.749329 
0.736583 0.61674 
1.59874 1.48229 
-2.36524 0.241163 
-0.214006 -1.57833 
0.293552 1.13254 
0.998308 0.383934 
-1.27122 0.849055 
1.72112 1.68311 
-2.20028 0.150429 
0.210997 -1.08763 
0.120343 2.30674 
0.655058 0.707418 
-0.870007 1.34865 
1.57763 1.55738 
-1.96487 -0.361198 
-0.0550872 -0.446506 
0.895261 1.90115 
0.917232 0.167594 
-0.68602 1.6561 
1.52975 0.811628 
-2.47737 1.10653 
-0.457395 -0.588385 
0.904088 1.46204 
0.961774 -0.226256 
-0.169131 0.333382 
1.59383 0.383072 
-1.38097 0.976389 
-1.53189 -0.780016 
0.622123 1.23711 
0.799103 0.250957 
-0.11039 1.32512 
1.6735 1.28665 
-1.4422 0.33129 
-0.699156 -1.07811 
-0.102178 0.895504 
0.853835 -0.619894 
-0.264592 1.30607 
2.37235 1.12195 
-1.27147 -0.125905 
-0.367046 -1.39773 
-0.390192 1.56919 
0.0736582 -0.316798 
-0.775044 0.561313 
2.08776 0.654903 
-1.51738 -0.0725931 
-0.0218428 -1.77028 
-0.872018 1.15686 
0.712992 -0.87857 
-0.028741 0.272244 
1.15119 0.855365 
-1.40061 -0.147675 
0.664871 -1.32953 
-0.785628 0.9339 
0.214086 -0.706563 
-0.433723 -0.102897 
1.08368 -0.00677779 
-1.81091 -0.557035 
0.896669 -0.617602 
-0.353956 0.907512 
0.167856 0.172169 
0.0969114 1.2091 
1.32455 1.14921 
-2.5935 -0.507791 
1.42258 -1.23319 
-0.839581 1.27156 
0.969129 -0.426005 
-0.138614 1.51284 
1.12598 1.42342 
-2.12519 -0.709062 
1.31975 -1.54952 
-0.768057 0.679698 
0.963624 0.171101 
-1.26119 1.40702 
0.766407 1.30461 
-2.52179 -0.949822 
1.30723 -0.639689 
-0.703463 0.563934 
-0.0756548 -0.359273 
-1.03051 1.21106 
0.845621 1.28845 
-1.97619 -1.23224 
1.01262 -1.00693 
-0.724206 -0.403676 
0.139206 -1.37324 
-0.343223 1.49271 
1.55291 1.20012 
-2.20384 -1.39059 
0.212917 -1.11536 
-0.49337 1.14444 
-0.419515 -2.09632 
-0.466514 1.68509 
1.72601 1.84373 
-1.14911 -1.80465 
0.552242 -0.949308 
-0.252999 0.771344 
-0.537074 -1.96921 
-0.920114 1.71228 
1.6402 1.19064 
-0.542154 -1.06251 
1.35687 -0.514123 
0.317107 0.660308 
-0.999036 -1.93464 
-1.81055 -0.132942 
1.53584 0.833035 
-0.819385 -1.60117 
1.73307 -0.267936 
-0.00420143 0.11593 
-1.81839 -1.90777 
-1.28099 0.00640133 
1.76428 0.764537 
0.350533 -0.931001 
1.5042 -0.331449 
0.472645 0.390696 
-1.19241 -0.851673 
0.141185 0.908124 
1.85171 1.11897 
0.320091 -0.209648 
2.02026 -0.45861 
0.304462 0.582572 
-1.19911 -1.56148 
-0.365159 1.32854 
1.59218 1.01184 
0.374095 -1.17112 
2.00088 -0.515191 
-1.23962 1.30908 
-1.08251 -0.808929 
-0.0452081 0.640242 
1.60849 0.249878 
0.51881 -1.28311 
2.50479 0.705677 
-1.20047 0.813672 
-1.10611 -0.830018 
0.00372447 0.562705 
1.38406 -0.549512 
0.449118 -1.48611 
2.04052 -0.0967752 
-0.909795 -0.0248867 
-1.49564 -0.241265 
-0.49769 0.655138 
0.463039 -0.837355 
0.0700742 -1.14509 
1.24817 0.567878 
-1.75051 -0.415058 
-1.16966 0.700808 
0.925067 1.18547 
0.956121 -2.10143 
0.200261 -0.971904 
1.19307 1.09781 
-0.856927 0.3938 
-1.09223 1.28703 
1.31859 1.63116 
-0.145871 -1.54254 
0.78153 -1.1453 
0.252311 1.52538 
-2.17343 -0.302976 
-1.34074 1.49302 
0.885954 2.01696 
-0.706779 -1.47141 
0.641149 -1.76179 
-0.814027 1.14089 
-1.94604 -0.353934 
-0.68842 0.3599 
1.83511 2.57476 
-0.808433 -2.53074 
1.57991 -1.96469 
-1.26193 0.835704 
-1.14361 -0.75772 
0.0848896 0.529109 
1.36079 1.84327 
0.250499 -2.07561 
1.1184 -1.67061 
-0.000185399 0.381095 
-1.77009 -0.437939 
-1.15664 1.31807 
1.59742 0.988551 
0.786289 -2.0617 
1.19205 -0.563678 
-0.625805 0.866859 
-1.63416 0.00484574 
-1.06365 0.772019 
1.17044 1.60932 
0.199534 -2.51149 
0.0708834 -0.621377 
0.109996 0.876471 
-2.36591 -0.256002 
-1.18565 0.305428 
2.59111 2.06902 
0.253463 -2.47706 
-0.324688 -0.179285 
0.358056 1.21861 
-2.1425 -0.532359 
-1.00962 0.115581 
1.58339 0.704127 
0.558279 -1.63897 
-0.200984 -1.80948 
-0.0301511 1.27267 
-1.36779 -1.23991 
-0.780957 0.0912667 
2.11633 1.0412 
-0.352993 -2.5412 
0.299814 -1.69789 
-0.279447 0.845477 
-0.693085 -0.975043 
-0.465092 0.768618 
1.57288 0.88455 
-0.455617 -2.2943 
0.784178 -0.843676 
-0.476446 1.99928 
-0.691343 -0.694226 
-0.589303 0.524421 
0.738088 1.62438 
-1.25892 -2.06298 
0.356544 -0.940885 
0.200044 1.55857 
-0.678778 -0.435323 
-0.536085 1.2248 
0.444105 0.763586 
-0.135395 -1.4616 
1.04569 -0.44781 
0.0820642 1.63109 
-0.935961 -0.697964 
-1.90398 1.62488 
1.28335 -0.12281 
-0.297468 -1.36656 
1.42169 -0.662528 
0.318708 0.0948225 
-1.0579 -0.165659 
-2.94447 0.576603 
1.75826 -0.481711 
0.375385 -1.23805 
1.19953 -0.677686 
0.366026 0.660931 
-1.02214 -0.288942 
-1.1876 1.13437 
1.25178 -0.941066 
-0.022849 -1.30075 
1.55807 -0.631908 
0.575629 1.07466 
-1.3603 -0.195069 
-0.856466 1.62498 
1.41787 -0.0159481 
-0.521077 -1.12397 
0.160024 -0.31417 
0.0459114 0.675301 
-2.86022 -0.0690466 
-0.30402 0.968826 
1.43182 0.0437763 
0.424796 -1.73708 
-0.224868 -1.20798 
-0.0136104 0.190689 
-1.48698 0.599689 
0.171735 0.964094 
1.51323 -0.44362 
-0.139171 -1.18131 
-0.520426 -1.34613 
0.129307 0.832162 
-1.15472 0.883164 
1.3635 0.619066 
1.713 -0.938235 
0.917667 -0.30025 
-1.15854 -2.02607 
0.121981 0.475891 
-1.29018 0.773986 
1.41864 1.24882 
0.562326 -0.41599 
0.14196 -0.599455 
-1.44477 -1.88037 
-0.0149627 0.231272 
-1.41224 -0.389088 
1.10638 0.903542 
1.31055 -2.07194 
-0.559098 -0.560864 
-0.0597734 -2.06498 
0.248312 0.565629 
-1.23883 -1.48487 
0.761186 1.1409 
0.0903283 -1.59619 
-0.901285 -0.0681151 
-0.618077 -2.45036 
0.209474 0.53854 
-1.69935 -0.636438 
0.185189 0.746843 
0.600992 -1.19375 
-1.04947 0.798981 
0.0490708 -1.46437 
1.07279 -0.606156 
-1.04537 -0.793904 
1.13326 1.51498 
-0.40933 -0.790191 
-1.58182 0.644533 
0.224694 -1.27217 
0.798409 0.549587 
-1.55428 -0.94543 
1.43724 1.74821 
-1.11185 -1.37287 
-1.35389 -0.4079 
1.22661 -0.952314 
1.46182 -0.0968489 
-1.56154 -0.945718 
1.08746 2.26653 
-0.339252 -1.74572 
-2.04899 -0.200655 
1.3469 -0.646056 
2.15982 -0.0130302 
-1.43655 -0.0443741 
-0.133506 0.312123 
1.063 -0.181154 
-2.79086 -0.24335 
1.47934 -0.88303 
1.52319 0.911619 
-1.19481 -0.229126 
0.509863 0.959323 
0.418683 -1.23209 
-1.38461 0.209565 
0.55467 -0.964613 
1.73033 0.609401 
-1.50313 0.803751 
-0.055695 1.23426 
0.343134 -1.28797 
-0.666328 0.301235 
1.29952 -0.575005 
1.70198 0.759312 
-1.78428 0.00762043 
-0.0638716 1.90035 
0.205275 -1.46923 
-1.16963 -0.174604 
0.764804 -0.670715 
1.54135 0.468249 
-1.14636 -0.726905 
0.0532178 1.83197 
0.536001 -0.759528 
-0.733639 1.04109 
1.27734 -0.133766 
0.824411 1.21597 
-1.00195 -0.827051 
-0.397322 1.20304 
0.244456 -0.665948 
-1.09256 1.63755 
1.40481 -0.550869 
0.0013632 1.14518 
-1.43197 0.428598 
-0.52821 1.03475 
-0.627269 -0.819064 
-1.17857 1.09661 
1.15217 -1.14301 
0.246802 2.01633 
-1.28539 0.675628 
0.387515 0.873084 
0.717935 -1.34403 
-1.03787 0.929942 
0.847124 -0.185462 
0.86849 2.38436 
-1.72774 0.402558 
1.51989 0.274326 
0.659679 -1.09477 
-0.813051 1.07141 
0.0278208 -0.868663 
1.09068 2.12557 
-1.20648 0.261822 
1.0727 1.507 
-0.500338 -0.928651 
-1.25297 0.796117 
0.131493 -1.42542 
0.97113 0.17025 
-1.91493 0.00103929 
0.340667 1.7139 
-0.310419 0.0389992 
-0.920293 0.27727 
-0.827926 -1.7643 
1.56934 -0.252073 
-2.47534 -0.584295 
0.747268 1.00574 
-0.161779 0.238499 
-0.404947 1.38802 
-1.03239 -1.9596 
1.17954 1.02799 
-2.57388 1.125 
2.55235 0.869214 
0.114447 0.671257 
-0.152725 1.29725 
0.130192 -0.833549 
0.927714 1.34087 
-1.90655 1.09985 
2.09263 0.226021 
-0.613166 0.0113791 
0.00342322 1.6033 
-0.311025 -2.08403 
1.4286 1.39579 
-2.39223 0.221005 
2.42793 0.536972 
0.212754 0.781417 
-0.745107 1.43333 
-0.308093 -1.42591 
0.424258 0.074169 
-2.37806 -0.258737 
2.92717 -0.358266 
-0.361375 0.484892 
-0.532581 1.58653 
-0.743216 -0.495293 
0.947676 1.41715 
-2.25933 -0.639516 
2.65193 -0.376519 
-0.690869 0.72622 
-0.690064 1.82495 
0.102896 -1.30071 
1.74969 0.826738 
-2.7228 -0.760516 
1.30283 0.423916 
-0.442153 0.720963 
-0.382087 2.70539 
0.255422 -1.07125 
0.422414 0.572081 
-2.16368 0.149127 
1.13488 0.246881 
-1.05055 0.247574 
-0.442444 1.88719 
0.321056 -0.669541 
0.384545 1.08584 
-1.87563 -0.258125 
1.28647 -0.115787 
-1.45156 0.283796 
-0.0857062 1.84614 
0.525486 -1.08887 
1.11781 0.604786 
-2.26799 0.533415 
1.28773 0.127348 
-1.51887 0.618263 
0.203318 0.765898 
0.766864 -0.477464 
1.93349 0.525258 
-0.804333 2.19893 
1.1414 -0.498282 
-0.860851 0.155166 
0.188373 0.383013 
0.0599565 -0.816766 
1.20407 0.534719 
-1.41599 2.31765 
1.72281 -0.439355 
-0.727557 -0.452929 
0.964317 0.260807 
1.00116 -1.10179 
0.916404 0.985275 
-1.26866 1.88585 
1.11771 -0.498481 
-1.30998 -0.873936 
0.548311 0.785011 
0.051926 -1.04041 
1.76674 0.0767621 
-1.03223 0.596568 
2.25497 -0.284253 
-0.517689 -0.793355 
0.213831 1.89976 
-0.80963 -0.938274 
2.28553 -0.0393007 
-1.56371 0.192475 
1.85329 -0.657526 
-0.315372 -0.684234 
-0.38063 1.8276 
0.356134 -1.4213 
1.7881 -0.491401 
-1.67134 -0.368277 
2.0973 -0.288965 
-0.683432 0.351457 
0.708686 1.90216 
-0.206585 -1.64887 
2.04483 -0.802282 
-0.423573 -0.317375 
2.68927 -0.0161278 
-1.67502 1.08284 
0.0495517 2.25086 
-0.303502 -1.71795 
1.51228 0.161167 
-1.16486 -0.615507 
2.27992 -0.957508 
-1.19706 1.13821 
-0.418501 1.21738 
0.311516 -1.51039 
1.31437 0.652223 
-0.627133 -0.407627 
1.91589 -1.02677 
-1.25119 -0.217614 
-0.689968 1.34261 
0.648081 -1.91775 
2.09287 0.352512 
0.139716 -0.106718 
1.0817 -0.974788 
-1.21727 0.701706 
0.0247198 1.74905 
2.18227 -2.04512 
0.616454 1.34622 
0.349459 0.44991 
1.66379 -0.283196 
-1.36311 0.00803671 
-0.620664 1.60721 
1.99774 -1.4888 
1.06462 0.791924 
0.354925 -0.408392 
0.883286 -0.395009 
-1.30124 0.44409 
-0.814493 1.55153 
1.94028 -0.294805 
0.846862 0.437223 
0.520911 -1.60047 
0.721894 -0.417167 
-1.73475 -0.0876002 
-0.675606 0.897077 
2.15267 -0.687831 
0.864088 1.03479 
0.535895 -1.38619 
1.53451 -0.330244 
-1.728 -0.255856 
-0.271008 2.29664 
2.0129 -0.581653 
1.50412 2.05559 
-0.114237 -0.543015 
1.40111 -0.0882744 
-0.973743 -0.883811 
-0.494208 1.97064 
1.25047 -0.225453 
0.711028 1.9251 
-0.0128038 -0.0218217 
0.670819 -0.406634 
-1.8314 0.308152 
-0.583555 1.76238 
1.50366 -0.234033 
1.1028 1.94883 
-0.610842 0.301056 
0.186792 -0.031503 
-0.975963 0.982091 
-0.210588 1.33967 
2.03104 -0.642729 
1.59552 2.40628 
-0.982017 0.21546 
-1.19637 -0.123311 
-1.3417 1.05453 
0.807261 1.13879 
1.89291 -1.20532 
2.96799 1.65925 
-0.482727 0.379626 
-1.35313 -1.76111 
-2.16207 1.2298 
0.963216 0.701317 
1.96224 -1.48278 
2.06579 1.17103 
-0.0188703 0.723377 
-1.29005 -1.29126 
-2.2918 -0.319446 
0.0102595 0.95203 
1.49988 -1.37296 
1.51414 1.23039 
-0.188827 0.423257 
-0.319811 -1.2021 
-1.08127 -0.258912 
0.032312 0.829963 
0.7908 -1.85141 
0.86972 1.05213 
-0.20536 1.39649 
0.738028 -0.923863 
-3.27406 0.00547666 
-0.435175 0.268958 
1.08907 -1.41301 
1.78678 1.64119 
0.127672 0.979193 
0.225579 -0.282855 
-1.50063 -0.391012 
-1.21886 0.707333 
1.20794 -0.602707 
0.897109 1.28036 
-0.450951 1.14746 
0.373421 -0.280751 
-1.09917 -0.0402602 
-1.07627 0.493324 
0.761696 -0.156622 
-0.0350733 1.54683 
-0.402186 0.445408 
0.250554 -0.586573 
-2.04299 -0.217774 
-1.21382 1.03673 
0.193089 -0.364261 
-0.0619643 2.48468 
-1.18177 0.214147 
0.128626 -0.992549 
-1.41477 -1.03519 
-0.323466 0.643069 
0.44298 -0.378269 
0.992348 2.11122 
-1.83879 0.120584 
0.159186 -1.1021 
-1.28968 -0.704982 
0.0367349 1.04297 
-0.252289 0.0424222 
0.233723 1.93214 
-2.17083 0.577822 
0.353102 -1.1765 
-0.877394 -0.711816 
0.546679 0.968297 
0.4568 0.144186 
-0.13606 0.654238 
-1.41199 0.535073 
0.98297 -1.78418 
-0.362153 -1.48607 
1.9568 1.54232 
1.35596 -0.556776 
0.758236 1.79411 
-1.03434 -0.289722 
0.618661 -1.22783 
-1.77936 -1.1645 
2.05205 0.287375 
1.75474 -1.50865 
1.95075 1.29899 
-0.519817 0.460913 
0.325866 -2.28924 
-2.50893 -0.28739 
0.820523 0.758091 
0.38745 -1.52233 
1.11409 2.04608 
-0.236378 0.0447336 
1.00048 -2.15931 
-2.35542 -0.870783 
0.90537 0.871055 
1.09215 -1.19026 
0.879376 0.691274 
-0.962708 -0.187048 
0.367848 -1.43505 
-2.05184 -0.0406404 
0.0970558 1.85779 
0.543851 -0.734269 
0.575014 0.507254 
-0.724177 -0.683061 
-0.0900515 -0.792036 
-2.11322 -0.792824 
-0.742179 2.51231 
1.0241 -0.834319 
0.879118 0.497833 
-1.06517 -0.344861 
0.291721 -0.176823 
-1.79795 -1.74321 
0.318616 2.74201 
1.49784 -1.86001 
0.179545 0.623325 
-1.58258 -0.671248 
0.515697 -0.420247 
-0.679515 -1.53703 
0.268397 1.47791 
2.17938 -1.44157 
-0.492951 0.788067 
-1.82153 -0.603451 
0.448431 -0.50791 
-0.502824 -0.975362 
0.57001 1.72458 
2.29717 -1.55031 
1.07913 0.394456 
-1.86525 -1.73724 
0.238246 -0.482368 
-0.886279 0.253618 
1.05725 1.71809 
1.35343 -0.967745 
0.0680804 0.651555 
-1.93304 -1.47294 
0.826641 0.060113 
-0.942267 1.498 
1.32202 0.982643 
1.19683 -0.272852 
-0.34232 0.968578 
-2.20613 -1.2509 
1.02943 0.195009 
-1.54035 0.520524 
0.7981 1.05112 
0.312416 -0.40334 
-0.0962189 1.33856 
-2.4415 -0.709306 
1.5649 0.117845 
-1.20097 0.831769 
0.994816 1.35304 
0.434265 -0.463019 
-0.966547 2.26346 
-2.09909 -0.926804 
0.895889 -0.782357 
-0.59973 0.838923 
0.637165 0.0977781 
0.0754054 -0.456053 
-1.10866 0.815386 
-2.15434 -0.844686 
-0.568859 -0.893214 
-0.120334 0.48671 
1.05767 -0.0745079 
0.0370138 -0.480446 
-0.907501 0.601929 
-1.80647 -0.476315 
-0.365027 -1.44226 
-0.607417 0.486987 
1.52916 -0.851883 
0.92597 0.941495 
-1.41042 0.540546 
-0.961222 -0.0138163 
-0.330778 -1.75136 
-0.376755 0.303866 
1.04155 -1.06422 
1.37098 0.909481 
-1.65663 0.668247 
0.413603 0.123403 
-1.07867 -1.96305 
-0.52225 -0.468735 
0.298647 -0.787579 
0.811243 1.22118 
-1.07085 1.13378 
0.309395 -0.111428 
-0.719812 -0.865343 
-0.540009 0.339919 
1.08759 -1.01447 
1.24847 0.239359 
-0.291045 1.02321 
0.543497 0.32278 
-1.08808 -1.31854 
0.0551371 -0.691803 
0.980338 -1.91642 
1.60594 0.0369224 
-0.748068 0.353371 
0.578089 -1.11388 
-1.07104 -1.70905 
0.508752 -0.252974 
0.340257 -1.91883 
1.80653 0.385349 
-0.234127 0.930424 
-1.13518 -0.872906 
-2.0628 -1.42465 
0.852911 1.07038 
1.25308 -1.74541 
2.21454 1.69668 
-0.597229 1.48365 
0.365458 -1.37075 
-1.2395 -1.06796 
-0.0437652 1.3475 
0.233355 -1.47511 
2.19872 0.873396 
-0.813692 0.842809 
0.661055 -0.0989692 
-0.882627 -0.25036 
0.176187 0.56898 
0.663797 -1.73067 
1.07159 1.40772 
-0.829638 1.21929 
0.526929 -0.226917 
-0.385626 -1.34012 
-0.15707 0.760337 
1.0143 -1.41683 
1.83918 1.09866 
-1.01829 1.23483 
0.6698 -0.120087 
-0.130235 -0.946339 
0.11594 1.1434 
1.50229 0.282062 
1.66808 0.533878 
-1.32343 0.553543 
0.246651 0.0049868 
0.120777 -1.93149 
-0.232928 1.40125 
1.55755 -0.510662 
1.75872 0.830395 
-1.66489 0.318017 
0.0963366 -0.676496 
0.135284 -2.22837 
0.784703 0.666632 
1.19072 -0.273463 
2.73937 1.1119 
-1.24281 0.347653 
0.458845 -0.868774 
-0.302115 -1.06761 
0.611641 0.99913 
1.47666 -0.880312 
