6 1 1000 50
20.183
20.1611
20.1525
20.163
20.1617
20.1671
20.1618
20.1673
20.157
20.14
20.1458
20.1647
20.1661
20.1496
20.1505
20.169
20.1718
20.156
20.1664
20.1783
20.1874
20.179
20.1824
20.1746
20.1705
20.1772
20.1781
20.1678
20.161
20.166
20.1754
20.1428
20.1378
20.1451
20.1496
20.1607
20.1404
20.134
20.1474
20.1647
20.1572
20.1578
20.1714
20.1716
20.1532
20.1521
20.1574
20.1683
20.1613
20.1522
20.1353
20.136
20.145
20.1721
20.1642
20.1562
20.1642
20.1601
20.1672
20.1717
20.1762
20.1806
20.1742
20.1653
20.1662
20.1567
20.1607
20.174
20.1827
20.1703
20.1642
20.16
20.1481
20.1453
20.1505
20.1581
20.1463
20.1248
20.1315
20.132
20.1435
20.1575
20.1635
20.1586
20.1605
20.1686
20.1746
20.1734
20.1567
20.1612
20.1686
20.1629
20.1707
20.1699
20.1622
20.1541
20.1601
20.1514
20.1642
20.1667
20.1556
20.1433
20.1422
20.15
20.1498
20.1515
20.1628
20.1517
20.158
20.1564
20.1445
20.1481
20.157
20.1589
20.1666
20.1688
20.176
20.1726
20.1737
20.1764
20.1649
20.1581
20.1566
20.1626
20.1614
20.1486
20.1339
20.1458
20.1524
20.1684
20.1665
20.1485
20.147
20.1446
20.1354
20.1324
20.1423
20.1398
20.1458
20.156
20.1637
20.1631
20.1579
20.1634
20.1533
20.165
20.1706
20.1654
20.1617
20.1509
20.1502
20.1457
20.1627
20.1597
20.1356
20.145
20.1469
20.1308
20.1381
20.1517
20.1479
20.1575
20.1605
20.1521
20.1464
20.1638
20.1615
20.1596
20.1598
20.1562
20.1796
20.1776
20.1708
20.1561
20.1592
20.1522
20.1479
20.1562
20.1539
20.1357
20.1577
20.1707
20.1765
20.1686
20.1519
20.1471
20.1536
20.1535
20.1712
20.158
20.1712
20.1901
20.1893
20.1804
20.1759
20.1768
20.1705
20.1672
20.1665
20.1559
20.1546
20.1506
20.143
20.1485
20.1667
20.1658
20.1632
20.1552
20.1452
20.1714
20.1668
20.1633
20.1665
20.164
20.1699
20.1732
20.178
20.1895
20.189
20.1782
20.171
20.1671
20.1704
20.1781
20.1704
20.1636
20.1543
20.1575
20.1536
20.1552
20.1557
20.1532
20.1572
20.1607
20.1488
20.1517
20.1627
20.1919
20.1901
20.1837
20.189
20.1737
20.1877
20.1907
20.1927
20.1999
20.2014
20.2
20.2061
20.2135
20.2098
20.1999
20.1928
20.201
20.1916
20.1921
20.1789
20.1709
20.1768
20.1669
20.1523
20.1605
20.154
20.1662
20.1688
20.1829
20.1565
20.1573
20.1646
20.1651
20.1417
20.1406
20.138
20.1559
20.1532
20.1577
20.1547
20.151
20.1516
20.1463
20.1493
20.1673
20.1804
20.1742
20.1672
20.1671
20.1579
20.1602
20.1576
20.145
20.146
20.1573
20.148
20.1568
20.1753
20.1553
20.1525
20.1579
20.1712
20.1614
20.1655
20.1683
20.1751
20.1758
20.166
20.1587
20.1639
20.162
20.1814
20.1743
20.1699
20.1741
20.1599
20.1697
20.1591
20.1518
20.1675
20.1807
20.1833
20.1802
20.1693
20.1532
20.1368
20.1345
20.1391
20.1399
20.1578
20.1591
20.1565
20.1603
20.1682
20.1698
20.1678
20.1699
20.1514
20.1412
20.1383
20.1326
20.1406
20.1569
20.1614
20.1666
20.1751
20.1721
20.1546
20.1555
20.1531
20.1461
20.1612
20.1633
20.1774
20.1948
20.1747
20.1744
20.1781
20.1663
20.1759
20.1647
20.171
20.169
20.1637
20.1641
20.1717
20.1701
20.1716
20.1822
20.1643
20.1725
20.1744
20.1797
20.1708
20.1514
20.153
20.1606
20.1509
20.1581
20.1701
20.1691
20.1773
20.1887
20.1791
20.1864
20.1848
20.1846
20.1614
20.148
20.1478
20.141
20.1325
20.1425
20.1465
20.147
20.1447
20.1392
20.1509
20.1584
20.1531
20.1464
20.1467
20.1501
20.1521
20.151
20.1422
20.1558
20.1599
20.1685
20.1694
20.1516
20.1696
20.1756
20.1708
20.1622
20.1613
20.1544
20.1652
20.171
20.1556
20.1501
20.1669
20.1683
20.1448
20.1319
20.1599
20.1507
20.1536
20.1503
20.1566
20.1478
20.1522
20.158
20.1577
20.1497
20.1498
20.1612
20.1664
20.1776
20.1701
20.1683
20.1772
20.1692
20.1867
20.1906
20.1803
20.1841
20.1845
20.184
20.1791
20.1725
20.1805
20.1731
20.1668
20.1743
20.1651
20.1488
20.1527
20.1631
20.1635
20.1546
20.1469
20.1639
20.1553
20.1459
20.1504
20.1588
20.1526
20.1538
20.1657
20.1689
20.1845
20.1827
20.193
20.1796
20.1719
20.1765
20.1835
20.1822
20.17
20.1756
20.1731
20.1647
20.1593
20.1433
20.1535
20.174
20.1834
20.1868
20.1711
20.1675
20.163
20.1599
20.1713
20.1808
20.1783
20.1634
20.1691
20.1585
20.1602
20.1655
20.1573
20.1476
20.1444
20.1427
20.1576
20.1631
20.1715
20.1678
20.1677
20.1698
20.1655
20.1549
20.1574
20.1718
20.1577
20.1542
20.1644
20.1524
20.1358
20.1376
20.1471
20.1643
20.1657
20.173
20.1739
20.1673
20.172
20.1584
20.1602
20.1478
20.1657
20.1636
20.1361
20.128
20.118
20.1209
20.1322
20.1299
20.1282
20.1125
20.1174
20.1265
20.1255
20.1286
20.1325
20.1331
20.1384
20.1565
20.1417
20.1451
20.1488
20.1655
20.1587
20.1551
20.1748
20.166
20.1694
20.169
20.1656
20.1495
20.1452
20.1504
20.1502
20.1549
20.1475
20.1371
20.1475
20.1619
20.1529
20.1437
20.1465
20.1521
20.1468
20.1379
20.1321
20.1598
20.1671
20.1697
20.1497
20.1468
20.1274
20.1468
20.1537
20.1678
20.1615
20.1439
20.1435
20.1575
20.1666
20.1703
20.161
20.1543
20.1628
20.1637
20.1729
20.1759
20.1727
20.1721
20.182
20.1652
20.1592
20.1469
20.1456
20.1524
20.1605
20.1676
20.1551
20.1472
20.142
20.149
20.1436
20.163
20.1639
20.1657
20.1804
20.1893
20.1692
20.159
20.1576
20.1445
20.16
20.1647
20.1545
20.1479
20.1405
20.1407
20.1526
20.1511
20.1531
20.1528
20.1538
20.1541
20.1545
20.1666
20.1477
20.16
20.1632
20.1613
20.1455
20.1429
20.1481
20.173
20.1664
20.151
