50 0.18 250000
-4.5 -4.5 0.000680849
-4.5 -4.32 0.000668307
-4.5 -4.14 0.000655727
-4.5 -3.96 0.000643671
-4.5 -3.78 0.000631809
-4.5 -3.6 0.000620204
-4.5 -3.42 0.000609094
-4.5 -3.24 0.000598112
-4.5 -3.06 0.000587608
-4.5 -2.88 0.000577659
-4.5 -2.7 0.000567969
-4.5 -2.52 0.000559061
-4.5 -2.34 0.000549899
-4.5 -2.16 0.00054202
-4.5 -1.98 0.000534021
-4.5 -1.8 0.000527182
-4.5 -1.62 0.000521192
-4.5 -1.44 0.000515389
-4.5 -1.26 0.000510227
-4.5 -1.08 0.000505581
-4.5 -0.9 0.000501757
-4.5 -0.72 0.000498925
-4.5 -0.54 0.000495897
-4.5 -0.36 0.000494186
-4.5 -0.18 0.000493712
-4.5 0 0.000492996
-4.5 0.18 0.000493091
-4.5 0.36 0.00049444
-4.5 0.54 0.000496175
-4.5 0.72 0.000498623
-4.5 0.9 0.000501976
-4.5 1.08 0.000505266
-4.5 1.26 0.000510182
-4.5 1.44 0.000515303
-4.5 1.62 0.000521241
-4.5 1.8 0.00052734
-4.5 1.98 0.000534383
-4.5 2.16 0.000542096
-4.5 2.34 0.000550186
-4.5 2.52 0.000559091
-4.5 2.7 0.00056793
-4.5 2.88 0.000577333
-4.5 3.06 0.000587475
-4.5 3.24 0.000598294
-4.5 3.42 0.000609003
-4.5 3.6 0.000620181
-4.5 3.78 0.0006318
-4.5 3.96 0.000643673
-4.5 4.14 0.000655868
-4.5 4.32 0.000668462
-4.32 -4.5 0.000667784
-4.32 -4.32 0.000655059
-4.32 -4.14 0.000642439
-4.32 -3.96 0.000629723
-4.32 -3.78 0.000617897
-4.32 -3.6 0.000605808
-4.32 -3.42 0.000594585
-4.32 -3.24 0.0005834
-4.32 -3.06 0.000572374
-4.32 -2.88 0.000561985
-4.32 -2.7 0.00055216
-4.32 -2.52 0.000542266
-4.32 -2.34 0.000533783
-4.32 -2.16 0.00052542
-4.32 -1.98 0.000517321
-4.32 -1.8 0.000510244
-4.32 -1.62 0.000503854
-4.32 -1.44 0.000497909
-4.32 -1.26 0.000492105
-4.32 -1.08 0.000487561
-4.32 -0.9 0.000483902
-4.32 -0.72 0.000480734
-4.32 -0.54 0.00047801
-4.32 -0.36 0.000476143
-4.32 -0.18 0.000475533
-4.32 0 0.000474738
-4.32 0.18 0.000474963
-4.32 0.36 0.000475871
-4.32 0.54 0.000478295
-4.32 0.72 0.000480705
-4.32 0.9 0.00048375
-4.32 1.08 0.000487611
-4.32 1.26 0.000491994
-4.32 1.44 0.000497955
-4.32 1.62 0.000503581
-4.32 1.8 0.000510308
-4.32 1.98 0.000517687
-4.32 2.16 0.000525516
-4.32 2.34 0.000533853
-4.32 2.52 0.000542775
-4.32 2.7 0.000552284
-4.32 2.88 0.00056176
-4.32 3.06 0.000572346
-4.32 3.24 0.000583124
-4.32 3.42 0.000594422
-4.32 3.6 0.000605945
-4.32 3.78 0.000617745
-4.32 3.96 0.000629992
-4.32 4.14 0.000642807
-4.32 4.32 0.000655488
-4.14 -4.5 0.000656001
-4.14 -4.32 0.000642591
-4.14 -4.14 0.000629646
-4.14 -3.96 0.000616919
-4.14 -3.78 0.000603997
-4.14 -3.6 0.000592116
-4.14 -3.42 0.000579949
-4.14 -3.24 0.000568629
-4.14 -3.06 0.000557364
-4.14 -2.88 0.000547048
-4.14 -2.7 0.000536168
-4.14 -2.52 0.000526864
-4.14 -2.34 0.000517899
-4.14 -2.16 0.000509188
-4.14 -1.98 0.000501035
-4.14 -1.8 0.000493488
-4.14 -1.62 0.000486669
-4.14 -1.44 0.000480257
-4.14 -1.26 0.000474973
-4.14 -1.08 0.000470342
-4.14 -0.9 0.000466266
-4.14 -0.72 0.00046253
-4.14 -0.54 0.000460086
-4.14 -0.36 0.00045794
-4.14 -0.18 0.000457058
-4.14 0 0.000456825
-4.14 0.18 0.000457163
-4.14 0.36 0.000458173
-4.14 0.54 0.000460017
-4.14 0.72 0.000462856
-4.14 0.9 0.000465818
-4.14 1.08 0.000470001
-4.14 1.26 0.000474796
-4.14 1.44 0.000480392
-4.14 1.62 0.000486895
-4.14 1.8 0.00049316
-4.14 1.98 0.000500846
-4.14 2.16 0.00050887
-4.14 2.34 0.000517592
-4.14 2.52 0.000526833
-4.14 2.7 0.000536579
-4.14 2.88 0.000546904
-4.14 3.06 0.000557709
-4.14 3.24 0.000568524
-4.14 3.42 0.000580284
-4.14 3.6 0.000592088
-4.14 3.78 0.000603981
-4.14 3.96 0.000616805
-4.14 4.14 0.000629476
-4.14 4.32 0.00064257
-3.96 -4.5 0.00064375
-3.96 -4.32 0.000630032
-3.96 -4.14 0.00061661
-3.96 -3.96 0.000603756
-3.96 -3.78 0.000590601
-3.96 -3.6 0.000578051
-3.96 -3.42 0.000566095
-3.96 -3.24 0.000554317
-3.96 -3.06 0.000542923
-3.96 -2.88 0.000531685
-3.96 -2.7 0.000521159
-3.96 -2.52 0.000511056
-3.96 -2.34 0.000501585
-3.96 -2.16 0.000492754
-3.96 -1.98 0.000484415
-3.96 -1.8 0.000476643
-3.96 -1.62 0.000469645
-3.96 -1.44 0.000463079
-3.96 -1.26 0.000457729
-3.96 -1.08 0.000452659
-3.96 -0.9 0.00044888
-3.96 -0.72 0.000445048
-3.96 -0.54 0.000442288
-3.96 -0.36 0.000440637
-3.96 -0.18 0.000439362
-3.96 0 0.000438859
-3.96 0.18 0.000438802
-3.96 0.36 0.000440487
-3.96 0.54 0.000442244
-3.96 0.72 0.00044465
-3.96 0.9 0.000448058
-3.96 1.08 0.000452472
-3.96 1.26 0.000457845
-3.96 1.44 0.000463358
-3.96 1.62 0.000470036
-3.96 1.8 0.000476843
-3.96 1.98 0.000484684
-3.96 2.16 0.000492964
-3.96 2.34 0.000501261
-3.96 2.52 0.000511065
-3.96 2.7 0.000521696
-3.96 2.88 0.00053164
-3.96 3.06 0.000542604
-3.96 3.24 0.000553844
-3.96 3.42 0.000566145
-3.96 3.6 0.000578068
-3.96 3.78 0.000590702
-3.96 3.96 0.000603809
-3.96 4.14 0.000616859
-3.96 4.32 0.000630453
-3.78 -4.5 0.000631441
-3.78 -4.32 0.000617651
-3.78 -4.14 0.000603866
-3.78 -3.96 0.000590599
-3.78 -3.78 0.000577735
-3.78 -3.6 0.000564608
-3.78 -3.42 0.000551936
-3.78 -3.24 0.000539961
-3.78 -3.06 0.000528125
-3.78 -2.88 0.000517244
-3.78 -2.7 0.000505989
-3.78 -2.52 0.000496254
-3.78 -2.34 0.000485605
-3.78 -2.16 0.000477012
-3.78 -1.98 0.000468176
-3.78 -1.8 0.000460437
-3.78 -1.62 0.000453131
-3.78 -1.44 0.000446614
-3.78 -1.26 0.000440844
-3.78 -1.08 0.000435697
-3.78 -0.9 0.000431298
-3.78 -0.72 0.000427625
-3.78 -0.54 0.000424579
-3.78 -0.36 0.000422953
-3.78 -0.18 0.000421673
-3.78 0 0.0004211
-3.78 0.18 0.000421913
-3.78 0.36 0.000423079
-3.78 0.54 0.000424754
-3.78 0.72 0.00042763
-3.78 0.9 0.000430984
-3.78 1.08 0.000435589
-3.78 1.26 0.0004407
-3.78 1.44 0.000446289
-3.78 1.62 0.000452945
-3.78 1.8 0.000460045
-3.78 1.98 0.000468249
-3.78 2.16 0.000476735
-3.78 2.34 0.000485892
-3.78 2.52 0.000495564
-3.78 2.7 0.000505952
-3.78 2.88 0.000516866
-3.78 3.06 0.000528188
-3.78 3.24 0.000539839
-3.78 3.42 0.000551995
-3.78 3.6 0.000564917
-3.78 3.78 0.000577582
-3.78 3.96 0.000590685
-3.78 4.14 0.000604218
-3.78 4.32 0.000617853
-3.6 -4.5 0.00061998
-3.6 -4.32 0.000606093
-3.6 -4.14 0.000592052
-3.6 -3.96 0.000578186
-3.6 -3.78 0.000564541
-3.6 -3.6 0.000551471
-3.6 -3.42 0.000538844
-3.6 -3.24 0.000526096
-3.6 -3.06 0.000513955
-3.6 -2.88 0.000502486
-3.6 -2.7 0.000491557
-3.6 -2.52 0.000480731
-3.6 -2.34 0.000470548
-3.6 -2.16 0.000460984
-3.6 -1.98 0.000452347
-3.6 -1.8 0.000443927
-3.6 -1.62 0.000436651
-3.6 -1.44 0.000430049
-3.6 -1.26 0.000423828
-3.6 -1.08 0.00041896
-3.6 -0.9 0.000413853
-3.6 -0.72 0.000410637
-3.6 -0.54 0.000407626
-3.6 -0.36 0.000405618
-3.6 -0.18 0.000404355
-3.6 0 0.000404168
-3.6 0.18 0.000404131
-3.6 0.36 0.000405556
-3.6 0.54 0.000407686
-3.6 0.72 0.000410675
-3.6 0.9 0.000413988
-3.6 1.08 0.000418595
-3.6 1.26 0.000423987
-3.6 1.44 0.000430077
-3.6 1.62 0.000436455
-3.6 1.8 0.00044396
-3.6 1.98 0.000452125
-3.6 2.16 0.000460915
-3.6 2.34 0.000470282
-3.6 2.52 0.000480393
-3.6 2.7 0.000490895
-3.6 2.88 0.000502352
-3.6 3.06 0.000514093
-3.6 3.24 0.000526152
-3.6 3.42 0.000538527
-3.6 3.6 0.000551077
-3.6 3.78 0.000564443
-3.6 3.96 0.000578176
-3.6 4.14 0.000592035
-3.6 4.32 0.000606378
-3.42 -4.5 0.000608805
-3.42 -4.32 0.000594406
-3.42 -4.14 0.000580167
-3.42 -3.96 0.000566141
-3.42 -3.78 0.000552102
-3.42 -3.6 0.000538922
-3.42 -3.42 0.000525295
-3.42 -3.24 0.00051278
-3.42 -3.06 0.000499962
-3.42 -2.88 0.000488018
-3.42 -2.7 0.000477039
-3.42 -2.52 0.000465881
-3.42 -2.34 0.000455346
-3.42 -2.16 0.000445648
-3.42 -1.98 0.000436788
-3.42 -1.8 0.000428232
-3.42 -1.62 0.00042022
-3.42 -1.44 0.000413798
-3.42 -1.26 0.000407638
-3.42 -1.08 0.000402078
-3.42 -0.9 0.00039763
-3.42 -0.72 0.000393949
-3.42 -0.54 0.000391072
-3.42 -0.36 0.000388565
-3.42 -0.18 0.00038729
-3.42 0 0.000386917
-3.42 0.18 0.000387447
-3.42 0.36 0.000388642
-3.42 0.54 0.000390772
-3.42 0.72 0.000393808
-3.42 0.9 0.000397562
-3.42 1.08 0.000401977
-3.42 1.26 0.000407636
-3.42 1.44 0.000413761
-3.42 1.62 0.00042037
-3.42 1.8 0.000428288
-3.42 1.98 0.000436518
-3.42 2.16 0.000445663
-3.42 2.34 0.000455263
-3.42 2.52 0.000465617
-3.42 2.7 0.000476363
-3.42 2.88 0.000487912
-3.42 3.06 0.000500046
-3.42 3.24 0.000512568
-3.42 3.42 0.00052531
-3.42 3.6 0.000538283
-3.42 3.78 0.00055184
-3.42 3.96 0.000565889
-3.42 4.14 0.000580016
-3.42 4.32 0.000594572
-3.24 -4.5 0.000598298
-3.24 -4.32 0.00058316
-3.24 -4.14 0.000568472
-3.24 -3.96 0.000554112
-3.24 -3.78 0.000539909
-3.24 -3.6 0.000526038
-3.24 -3.42 0.000512538
-3.24 -3.24 0.000499572
-3.24 -3.06 0.000486471
-3.24 -2.88 0.000474143
-3.24 -2.7 0.000462605
-3.24 -2.52 0.0004513
-3.24 -2.34 0.000440877
-3.24 -2.16 0.000430735
-3.24 -1.98 0.000421308
-3.24 -1.8 0.000412849
-3.24 -1.62 0.000404835
-3.24 -1.44 0.000397557
-3.24 -1.26 0.000391476
-3.24 -1.08 0.000385988
-3.24 -0.9 0.000380929
-3.24 -0.72 0.000377076
-3.24 -0.54 0.00037443
-3.24 -0.36 0.000371996
-3.24 -0.18 0.000370933
-3.24 0 0.0003704
-3.24 0.18 0.000370881
-3.24 0.36 0.000372141
-3.24 0.54 0.0003742
-3.24 0.72 0.000377338
-3.24 0.9 0.000381052
-3.24 1.08 0.000385884
-3.24 1.26 0.000391374
-3.24 1.44 0.000397676
-3.24 1.62 0.000404941
-3.24 1.8 0.00041268
-3.24 1.98 0.000421484
-3.24 2.16 0.000430623
-3.24 2.34 0.000440722
-3.24 2.52 0.000451136
-3.24 2.7 0.000462587
-3.24 2.88 0.000474388
-3.24 3.06 0.000486222
-3.24 3.24 0.000499518
-3.24 3.42 0.000512384
-3.24 3.6 0.000525906
-3.24 3.78 0.00054007
-3.24 3.96 0.00055456
-3.24 4.14 0.000568894
-3.24 4.32 0.000583079
-3.06 -4.5 0.000587318
-3.06 -4.32 0.000572751
-3.06 -4.14 0.000557681
-3.06 -3.96 0.000542773
-3.06 -3.78 0.000528181
-3.06 -3.6 0.000514026
-3.06 -3.42 0.000500171
-3.06 -3.24 0.000486541
-3.06 -3.06 0.000473431
-3.06 -2.88 0.00046104
-3.06 -2.7 0.000448907
-3.06 -2.52 0.000437258
-3.06 -2.34 0.000426346
-3.06 -2.16 0.000416192
-3.06 -1.98 0.00040658
-3.06 -1.8 0.000397855
-3.06 -1.62 0.000389771
-3.06 -1.44 0.000382212
-3.06 -1.26 0.000375852
-3.06 -1.08 0.000369987
-3.06 -0.9 0.000365504
-3.06 -0.72 0.000361364
-3.06 -0.54 0.000358158
-3.06 -0.36 0.000355974
-3.06 -0.18 0.000354532
-3.06 0 0.00035436
-3.06 0.18 0.000354884
-3.06 0.36 0.000356134
-3.06 0.54 0.000358158
-3.06 0.72 0.000361523
-3.06 0.9 0.000365377
-3.06 1.08 0.00037018
-3.06 1.26 0.000375822
-3.06 1.44 0.000382385
-3.06 1.62 0.000389944
-3.06 1.8 0.000397465
-3.06 1.98 0.000406826
-3.06 2.16 0.000416464
-3.06 2.34 0.000426378
-3.06 2.52 0.000437358
-3.06 2.7 0.000449116
-3.06 2.88 0.000460788
-3.06 3.06 0.000473445
-3.06 3.24 0.000486632
-3.06 3.42 0.000499951
-3.06 3.6 0.000513766
-3.06 3.78 0.000528153
-3.06 3.96 0.000542718
-3.06 4.14 0.000557368
-3.06 4.32 0.000572488
-2.88 -4.5 0.000577677
-2.88 -4.32 0.000562388
-2.88 -4.14 0.000546731
-2.88 -3.96 0.000531552
-2.88 -3.78 0.000517071
-2.88 -3.6 0.00050238
-2.88 -3.42 0.000488352
-2.88 -3.24 0.000474233
-2.88 -3.06 0.000460969
-2.88 -2.88 0.000448097
-2.88 -2.7 0.000435235
-2.88 -2.52 0.000423769
-2.88 -2.34 0.00041251
-2.88 -2.16 0.00040229
-2.88 -1.98 0.000392277
-2.88 -1.8 0.000383344
-2.88 -1.62 0.000375109
-2.88 -1.44 0.000367266
-2.88 -1.26 0.000361142
-2.88 -1.08 0.000355224
-2.88 -0.9 0.000349926
-2.88 -0.72 0.000346215
-2.88 -0.54 0.000342843
-2.88 -0.36 0.000340359
-2.88 -0.18 0.000339112
-2.88 0 0.000338877
-2.88 0.18 0.000339113
-2.88 0.36 0.000340362
-2.88 0.54 0.000342479
-2.88 0.72 0.000346158
-2.88 0.9 0.000350134
-2.88 1.08 0.000354675
-2.88 1.26 0.000360928
-2.88 1.44 0.000367335
-2.88 1.62 0.000374897
-2.88 1.8 0.000383523
-2.88 1.98 0.000392707
-2.88 2.16 0.00040212
-2.88 2.34 0.000412316
-2.88 2.52 0.000423912
-2.88 2.7 0.000435404
-2.88 2.88 0.000447865
-2.88 3.06 0.000460739
-2.88 3.24 0.000473931
-2.88 3.42 0.000488737
-2.88 3.6 0.000502575
-2.88 3.78 0.000517075
-2.88 3.96 0.000531473
-2.88 4.14 0.000546653
-2.88 4.32 0.00056202
-2.7 -4.5 0.000567912
-2.7 -4.32 0.000552096
-2.7 -4.14 0.000536564
-2.7 -3.96 0.000521115
-2.7 -3.78 0.000506193
-2.7 -3.6 0.0004908
-2.7 -3.42 0.000476586
-2.7 -3.24 0.000462342
-2.7 -3.06 0.000448848
-2.7 -2.88 0.000435743
-2.7 -2.7 0.000422949
-2.7 -2.52 0.000410606
-2.7 -2.34 0.000399425
-2.7 -2.16 0.00038858
-2.7 -1.98 0.000378938
-2.7 -1.8 0.000369645
-2.7 -1.62 0.000360703
-2.7 -1.44 0.00035325
-2.7 -1.26 0.000346257
-2.7 -1.08 0.000340503
-2.7 -0.9 0.000335651
-2.7 -0.72 0.000331384
-2.7 -0.54 0.00032795
-2.7 -0.36 0.000325375
-2.7 -0.18 0.000324265
-2.7 0 0.000323738
-2.7 0.18 0.00032431
-2.7 0.36 0.000325537
-2.7 0.54 0.00032814
-2.7 0.72 0.000330857
-2.7 0.9 0.000335285
-2.7 1.08 0.000340323
-2.7 1.26 0.000346546
-2.7 1.44 0.000353017
-2.7 1.62 0.000360824
-2.7 1.8 0.000369475
-2.7 1.98 0.000378621
-2.7 2.16 0.000388787
-2.7 2.34 0.000399626
-2.7 2.52 0.000410707
-2.7 2.7 0.000423025
-2.7 2.88 0.000435498
-2.7 3.06 0.000448932
-2.7 3.24 0.000462487
-2.7 3.42 0.000476629
-2.7 3.6 0.000491287
-2.7 3.78 0.000505908
-2.7 3.96 0.000521159
-2.7 4.14 0.000536517
-2.7 4.32 0.000552213
-2.52 -4.5 0.000558661
-2.52 -4.32 0.000542473
-2.52 -4.14 0.00052688
-2.52 -3.96 0.000510917
-2.52 -3.78 0.000495999
-2.52 -3.6 0.000480822
-2.52 -3.42 0.000465507
-2.52 -3.24 0.000451406
-2.52 -3.06 0.000437881
-2.52 -2.88 0.00042373
-2.52 -2.7 0.000410877
-2.52 -2.52 0.000398752
-2.52 -2.34 0.000386755
-2.52 -2.16 0.000375526
-2.52 -1.98 0.000365401
-2.52 -1.8 0.000355922
-2.52 -1.62 0.000347398
-2.52 -1.44 0.000339704
-2.52 -1.26 0.000332525
-2.52 -1.08 0.000326694
-2.52 -0.9 0.000321215
-2.52 -0.72 0.000316623
-2.52 -0.54 0.000313587
-2.52 -0.36 0.000311331
-2.52 -0.18 0.000309726
-2.52 0 0.000309088
-2.52 0.18 0.000309739
-2.52 0.36 0.000311252
-2.52 0.54 0.0003136
-2.52 0.72 0.000317077
-2.52 0.9 0.000321383
-2.52 1.08 0.000326447
-2.52 1.26 0.000332631
-2.52 1.44 0.000339345
-2.52 1.62 0.000347222
-2.52 1.8 0.000356004
-2.52 1.98 0.000365429
-2.52 2.16 0.000375774
-2.52 2.34 0.000386684
-2.52 2.52 0.00039856
-2.52 2.7 0.000411078
-2.52 2.88 0.000423796
-2.52 3.06 0.000437399
-2.52 3.24 0.000451349
-2.52 3.42 0.000465729
-2.52 3.6 0.000480581
-2.52 3.78 0.000495837
-2.52 3.96 0.000511216
-2.52 4.14 0.000526947
-2.52 4.32 0.000542828
-2.34 -4.5 0.000550233
-2.34 -4.32 0.000533845
-2.34 -4.14 0.000517643
-2.34 -3.96 0.000501862
-2.34 -3.78 0.00048569
-2.34 -3.6 0.00047051
-2.34 -3.42 0.000455523
-2.34 -3.24 0.000440697
-2.34 -3.06 0.000426231
-2.34 -2.88 0.000412585
-2.34 -2.7 0.000399692
-2.34 -2.52 0.000386685
-2.34 -2.34 0.000374885
-2.34 -2.16 0.000363595
-2.34 -1.98 0.000353186
-2.34 -1.8 0.000343523
-2.34 -1.62 0.000334764
-2.34 -1.44 0.000326772
-2.34 -1.26 0.000319622
-2.34 -1.08 0.000313045
-2.34 -0.9 0.000307991
-2.34 -0.72 0.000303421
-2.34 -0.54 0.000299964
-2.34 -0.36 0.000297832
-2.34 -0.18 0.000295942
-2.34 0 0.000295641
-2.34 0.18 0.000296412
-2.34 0.36 0.00029791
-2.34 0.54 0.000299915
-2.34 0.72 0.000303933
-2.34 0.9 0.000307913
-2.34 1.08 0.000313572
-2.34 1.26 0.000319435
-2.34 1.44 0.000326802
-2.34 1.62 0.00033437
-2.34 1.8 0.000343409
-2.34 1.98 0.000353539
-2.34 2.16 0.000363398
-2.34 2.34 0.000374683
-2.34 2.52 0.000386977
-2.34 2.7 0.000399414
-2.34 2.88 0.000412686
-2.34 3.06 0.000426431
-2.34 3.24 0.000440909
-2.34 3.42 0.000454935
-2.34 3.6 0.000470563
-2.34 3.78 0.000485669
-2.34 3.96 0.000501501
-2.34 4.14 0.000517496
-2.34 4.32 0.000533948
-2.16 -4.5 0.000541976
-2.16 -4.32 0.000525078
-2.16 -4.14 0.000509042
-2.16 -3.96 0.000493025
-2.16 -3.78 0.00047711
-2.16 -3.6 0.000461096
-2.16 -3.42 0.00044604
-2.16 -3.24 0.000430729
-2.16 -3.06 0.000416172
-2.16 -2.88 0.000401969
-2.16 -2.7 0.000388448
-2.16 -2.52 0.000376284
-2.16 -2.34 0.000363955
-2.16 -2.16 0.000352253
-2.16 -1.98 0.000341371
-2.16 -1.8 0.000331511
-2.16 -1.62 0.000322435
-2.16 -1.44 0.000314307
-2.16 -1.26 0.000306984
-2.16 -1.08 0.000300887
-2.16 -0.9 0.000295608
-2.16 -0.72 0.000290766
-2.16 -0.54 0.000287398
-2.16 -0.36 0.00028499
-2.16 -0.18 0.000283605
-2.16 0 0.000283234
-2.16 0.18 0.000283474
-2.16 0.36 0.000285097
-2.16 0.54 0.000287162
-2.16 0.72 0.000291155
-2.16 0.9 0.000295583
-2.16 1.08 0.000300726
-2.16 1.26 0.000307228
-2.16 1.44 0.000314314
-2.16 1.62 0.000322811
-2.16 1.8 0.000331476
-2.16 1.98 0.000341314
-2.16 2.16 0.000352103
-2.16 2.34 0.000363787
-2.16 2.52 0.000375945
-2.16 2.7 0.000388755
-2.16 2.88 0.000402037
-2.16 3.06 0.000416242
-2.16 3.24 0.000431144
-2.16 3.42 0.00044531
-2.16 3.6 0.00046113
-2.16 3.78 0.000476407
-2.16 3.96 0.000492659
-2.16 4.14 0.000508643
-2.16 4.32 0.000525432
-1.98 -4.5 0.000534384
-1.98 -4.32 0.000517645
-1.98 -4.14 0.000500909
-1.98 -3.96 0.0004843
-1.98 -3.78 0.000468178
-1.98 -3.6 0.000452074
-1.98 -3.42 0.000437025
-1.98 -3.24 0.000421298
-1.98 -3.06 0.000406422
-1.98 -2.88 0.000392551
-1.98 -2.7 0.000378271
-1.98 -2.52 0.000365462
-1.98 -2.34 0.0003529
-1.98 -2.16 0.000341637
-1.98 -1.98 0.000330557
-1.98 -1.8 0.000320439
-1.98 -1.62 0.000311235
-1.98 -1.44 0.000303014
-1.98 -1.26 0.000295487
-1.98 -1.08 0.0002894
-1.98 -0.9 0.000283729
-1.98 -0.72 0.000279313
-1.98 -0.54 0.000275641
-1.98 -0.36 0.000273158
-1.98 -0.18 0.00027148
-1.98 0 0.000271286
-1.98 0.18 0.000271626
-1.98 0.36 0.000273152
-1.98 0.54 0.00027585
-1.98 0.72 0.00027923
-1.98 0.9 0.000283794
-1.98 1.08 0.000288997
-1.98 1.26 0.000295567
-1.98 1.44 0.000303076
-1.98 1.62 0.00031143
-1.98 1.8 0.000320575
-1.98 1.98 0.000330186
-1.98 2.16 0.000341672
-1.98 2.34 0.000352762
-1.98 2.52 0.000365636
-1.98 2.7 0.000378106
-1.98 2.88 0.000392271
-1.98 3.06 0.000406516
-1.98 3.24 0.000421473
-1.98 3.42 0.000436622
-1.98 3.6 0.000452362
-1.98 3.78 0.000468024
-1.98 3.96 0.00048436
-1.98 4.14 0.000500604
-1.98 4.32 0.000517345
-1.8 -4.5 0.000527485
-1.8 -4.32 0.000510062
-1.8 -4.14 0.000493223
-1.8 -3.96 0.000477162
-1.8 -3.78 0.000460497
-1.8 -3.6 0.000444034
-1.8 -3.42 0.000428508
-1.8 -3.24 0.000412539
-1.8 -3.06 0.000397648
-1.8 -2.88 0.000383351
-1.8 -2.7 0.000369353
-1.8 -2.52 0.000356226
-1.8 -2.34 0.000343489
-1.8 -2.16 0.00033197
-1.8 -1.98 0.000320481
-1.8 -1.8 0.000310313
-1.8 -1.62 0.000300939
-1.8 -1.44 0.000292708
-1.8 -1.26 0.000285004
-1.8 -1.08 0.000278227
-1.8 -0.9 0.000272803
-1.8 -0.72 0.000268349
-1.8 -0.54 0.000264983
-1.8 -0.36 0.000262367
-1.8 -0.18 0.000260514
-1.8 0 0.000259821
-1.8 0.18 0.000260687
-1.8 0.36 0.000262195
-1.8 0.54 0.000264834
-1.8 0.72 0.000268673
-1.8 0.9 0.000272841
-1.8 1.08 0.000278748
-1.8 1.26 0.000284989
-1.8 1.44 0.000292711
-1.8 1.62 0.000300933
-1.8 1.8 0.000310272
-1.8 1.98 0.000320663
-1.8 2.16 0.000331501
-1.8 2.34 0.000343121
-1.8 2.52 0.000356096
-1.8 2.7 0.000369211
-1.8 2.88 0.000383448
-1.8 3.06 0.000397827
-1.8 3.24 0.000412999
-1.8 3.42 0.000428001
-1.8 3.6 0.000444008
-1.8 3.78 0.000460096
-1.8 3.96 0.000476738
-1.8 4.14 0.000493533
-1.8 4.32 0.000510746
-1.62 -4.5 0.00052084
-1.62 -4.32 0.000503492
-1.62 -4.14 0.000486608
-1.62 -3.96 0.000469588
-1.62 -3.78 0.000452966
-1.62 -3.6 0.000436744
-1.62 -3.42 0.000420613
-1.62 -3.24 0.000404829
-1.62 -3.06 0.000389614
-1.62 -2.88 0.000374693
-1.62 -2.7 0.000360858
-1.62 -2.52 0.000347302
-1.62 -2.34 0.000334505
-1.62 -2.16 0.000322687
-1.62 -1.98 0.000311169
-1.62 -1.8 0.00030077
-1.62 -1.62 0.000291684
-1.62 -1.44 0.000282783
-1.62 -1.26 0.000275207
-1.62 -1.08 0.000268834
-1.62 -0.9 0.000262922
-1.62 -0.72 0.000258183
-1.62 -0.54 0.000254411
-1.62 -0.36 0.000252137
-1.62 -0.18 0.000250364
-1.62 0 0.000249967
-1.62 0.18 0.000250512
-1.62 0.36 0.000252009
-1.62 0.54 0.000254581
-1.62 0.72 0.000258254
-1.62 0.9 0.000263028
-1.62 1.08 0.000268552
-1.62 1.26 0.00027503
-1.62 1.44 0.000282981
-1.62 1.62 0.000291514
-1.62 1.8 0.000300851
-1.62 1.98 0.000311492
-1.62 2.16 0.000322874
-1.62 2.34 0.000334925
-1.62 2.52 0.000347518
-1.62 2.7 0.000360634
-1.62 2.88 0.0003749
-1.62 3.06 0.000389753
-1.62 3.24 0.000404773
-1.62 3.42 0.000420485
-1.62 3.6 0.000436747
-1.62 3.78 0.000453249
-1.62 3.96 0.000469768
-1.62 4.14 0.000486906
-1.62 4.32 0.000503798
-1.44 -4.5 0.000514818
-1.44 -4.32 0.000497688
-1.44 -4.14 0.000480599
-1.44 -3.96 0.000463353
-1.44 -3.78 0.00044685
-1.44 -3.6 0.000429583
-1.44 -3.42 0.000413647
-1.44 -3.24 0.000398038
-1.44 -3.06 0.000382334
-1.44 -2.88 0.000367564
-1.44 -2.7 0.000353289
-1.44 -2.52 0.00033956
-1.44 -2.34 0.000326576
-1.44 -2.16 0.000314332
-1.44 -1.98 0.000302825
-1.44 -1.8 0.000292295
-1.44 -1.62 0.000282811
-1.44 -1.44 0.000274441
-1.44 -1.26 0.000266396
-1.44 -1.08 0.000259866
-1.44 -0.9 0.000254075
-1.44 -0.72 0.000249249
-1.44 -0.54 0.000245586
-1.44 -0.36 0.000242936
-1.44 -0.18 0.00024151
-1.44 0 0.000240828
-1.44 0.18 0.00024142
-1.44 0.36 0.000242884
-1.44 0.54 0.000245817
-1.44 0.72 0.00024933
-1.44 0.9 0.000254051
-1.44 1.08 0.000259878
-1.44 1.26 0.000266585
-1.44 1.44 0.000274286
-1.44 1.62 0.000282873
-1.44 1.8 0.000292749
-1.44 1.98 0.000303108
-1.44 2.16 0.000314555
-1.44 2.34 0.000326565
-1.44 2.52 0.000339463
-1.44 2.7 0.000353173
-1.44 2.88 0.000367384
-1.44 3.06 0.000382367
-1.44 3.24 0.000397925
-1.44 3.42 0.00041386
-1.44 3.6 0.00043014
-1.44 3.78 0.000446424
-1.44 3.96 0.000463428
-1.44 4.14 0.000480475
-1.44 4.32 0.000497388
-1.26 -4.5 0.000510052
-1.26 -4.32 0.000492515
-1.26 -4.14 0.000475131
-1.26 -3.96 0.000458026
-1.26 -3.78 0.000440677
-1.26 -3.6 0.000423871
-1.26 -3.42 0.000407404
-1.26 -3.24 0.000391477
-1.26 -3.06 0.000375959
-1.26 -2.88 0.000360928
-1.26 -2.7 0.00034647
-1.26 -2.52 0.000332563
-1.26 -2.34 0.000319616
-1.26 -2.16 0.000307215
-1.26 -1.98 0.000295562
-1.26 -1.8 0.000285298
-1.26 -1.62 0.00027517
-1.26 -1.44 0.000266413
-1.26 -1.26 0.000258707
-1.26 -1.08 0.00025175
-1.26 -0.9 0.000246133
-1.26 -0.72 0.000241225
-1.26 -0.54 0.000237649
-1.26 -0.36 0.000234742
-1.26 -0.18 0.000233318
-1.26 0 0.000232769
-1.26 0.18 0.000233349
-1.26 0.36 0.000235016
-1.26 0.54 0.000237722
-1.26 0.72 0.000241227
-1.26 0.9 0.000245987
-1.26 1.08 0.000251967
-1.26 1.26 0.000258784
-1.26 1.44 0.00026647
-1.26 1.62 0.00027525
-1.26 1.8 0.00028536
-1.26 1.98 0.000295494
-1.26 2.16 0.000307118
-1.26 2.34 0.000319479
-1.26 2.52 0.00033266
-1.26 2.7 0.000346289
-1.26 2.88 0.000360847
-1.26 3.06 0.000376007
-1.26 3.24 0.000391531
-1.26 3.42 0.000407547
-1.26 3.6 0.00042377
-1.26 3.78 0.000440635
-1.26 3.96 0.000457855
-1.26 4.14 0.000475048
-1.26 4.32 0.000492204
-1.08 -4.5 0.000505417
-1.08 -4.32 0.000488008
-1.08 -4.14 0.000470059
-1.08 -3.96 0.000452317
-1.08 -3.78 0.000435678
-1.08 -3.6 0.00041878
-1.08 -3.42 0.00040246
-1.08 -3.24 0.000385683
-1.08 -3.06 0.000370032
-1.08 -2.88 0.000354813
-1.08 -2.7 0.00034031
-1.08 -2.52 0.000326505
-1.08 -2.34 0.000313443
-1.08 -2.16 0.000300501
-1.08 -1.98 0.000289319
-1.08 -1.8 0.000278475
-1.08 -1.62 0.000268573
-1.08 -1.44 0.00025973
-1.08 -1.26 0.000251934
-1.08 -1.08 0.000244936
-1.08 -0.9 0.000239023
-1.08 -0.72 0.000234239
-1.08 -0.54 0.00023044
-1.08 -0.36 0.000227795
-1.08 -0.18 0.00022623
-1.08 0 0.00022539
-1.08 0.18 0.000226323
-1.08 0.36 0.000228007
-1.08 0.54 0.000230432
-1.08 0.72 0.000234181
-1.08 0.9 0.000239125
-1.08 1.08 0.000245112
-1.08 1.26 0.000251708
-1.08 1.44 0.000259765
-1.08 1.62 0.000269011
-1.08 1.8 0.000278336
-1.08 1.98 0.000288996
-1.08 2.16 0.000300856
-1.08 2.34 0.000313222
-1.08 2.52 0.000326378
-1.08 2.7 0.000340223
-1.08 2.88 0.000354643
-1.08 3.06 0.000370302
-1.08 3.24 0.000386276
-1.08 3.42 0.000401986
-1.08 3.6 0.0004188
-1.08 3.78 0.000435599
-1.08 3.96 0.000452345
-1.08 4.14 0.000470183
-1.08 4.32 0.000487812
-0.9 -4.5 0.000501619
-0.9 -4.32 0.000483773
-0.9 -4.14 0.000466054
-0.9 -3.96 0.000448174
-0.9 -3.78 0.000431462
-0.9 -3.6 0.00041421
-0.9 -3.42 0.000397585
-0.9 -3.24 0.000381179
-0.9 -3.06 0.000365377
-0.9 -2.88 0.000349945
-0.9 -2.7 0.000335145
-0.9 -2.52 0.000321393
-0.9 -2.34 0.000307959
-0.9 -2.16 0.000295486
-0.9 -1.98 0.000283461
-0.9 -1.8 0.000272724
-0.9 -1.62 0.000263001
-0.9 -1.44 0.000254143
-0.9 -1.26 0.000245895
-0.9 -1.08 0.000239161
-0.9 -0.9 0.00023316
-0.9 -0.72 0.000228315
-0.9 -0.54 0.000224358
-0.9 -0.36 0.000221746
-0.9 -0.18 0.000220095
-0.9 0 0.000219726
-0.9 0.18 0.000220098
-0.9 0.36 0.000221758
-0.9 0.54 0.00022445
-0.9 0.72 0.000228442
-0.9 0.9 0.000233147
-0.9 1.08 0.000239232
-0.9 1.26 0.000246035
-0.9 1.44 0.000254095
-0.9 1.62 0.000263028
-0.9 1.8 0.000272581
-0.9 1.98 0.000283717
-0.9 2.16 0.000295611
-0.9 2.34 0.000308166
-0.9 2.52 0.000321407
-0.9 2.7 0.000335346
-0.9 2.88 0.000349902
-0.9 3.06 0.000365164
-0.9 3.24 0.000381078
-0.9 3.42 0.000397454
-0.9 3.6 0.000414149
-0.9 3.78 0.000431702
-0.9 3.96 0.000448309
-0.9 4.14 0.000466348
-0.9 4.32 0.000483451
-0.72 -4.5 0.000498537
-0.72 -4.32 0.00048064
-0.72 -4.14 0.000462865
-0.72 -3.96 0.000445079
-0.72 -3.78 0.000427746
-0.72 -3.6 0.000410557
-0.72 -3.42 0.000394028
-0.72 -3.24 0.000377516
-0.72 -3.06 0.000361071
-0.72 -2.88 0.000346005
-0.72 -2.7 0.000331026
-0.72 -2.52 0.00031712
-0.72 -2.34 0.000303463
-0.72 -2.16 0.000291025
-0.72 -1.98 0.000279182
-0.72 -1.8 0.000268549
-0.72 -1.62 0.000258278
-0.72 -1.44 0.000249554
-0.72 -1.26 0.000241261
-0.72 -1.08 0.000234308
-0.72 -0.9 0.000228439
-0.72 -0.72 0.000223407
-0.72 -0.54 0.000219362
-0.72 -0.36 0.000216849
-0.72 -0.18 0.000215011
-0.72 0 0.000214722
-0.72 0.18 0.000215293
-0.72 0.36 0.00021677
-0.72 0.54 0.000219665
-0.72 0.72 0.000223385
-0.72 0.9 0.00022827
-0.72 1.08 0.000234229
-0.72 1.26 0.000241256
-0.72 1.44 0.000249487
-0.72 1.62 0.000258217
-0.72 1.8 0.000268389
-0.72 1.98 0.00027919
-0.72 2.16 0.000291275
-0.72 2.34 0.000303316
-0.72 2.52 0.000316764
-0.72 2.7 0.000331151
-0.72 2.88 0.000346132
-0.72 3.06 0.000361691
-0.72 3.24 0.000377305
-0.72 3.42 0.000394122
-0.72 3.6 0.000410536
-0.72 3.78 0.000427701
-0.72 3.96 0.000444999
-0.72 4.14 0.000462693
-0.72 4.32 0.000480919
-0.54 -4.5 0.0004958
-0.54 -4.32 0.000478215
-0.54 -4.14 0.000460376
-0.54 -3.96 0.000442307
-0.54 -3.78 0.000424809
-0.54 -3.6 0.000407657
-0.54 -3.42 0.000390676
-0.54 -3.24 0.000374217
-0.54 -3.06 0.000358514
-0.54 -2.88 0.000342782
-0.54 -2.7 0.00032768
-0.54 -2.52 0.000313445
-0.54 -2.34 0.000300444
-0.54 -2.16 0.000287599
-0.54 -1.98 0.000275765
-0.54 -1.8 0.000264821
-0.54 -1.62 0.000254672
-0.54 -1.44 0.000245749
-0.54 -1.26 0.000237455
-0.54 -1.08 0.000230439
-0.54 -0.9 0.00022468
-0.54 -0.72 0.000219511
-0.54 -0.54 0.000215794
-0.54 -0.36 0.000213136
-0.54 -0.18 0.000211409
-0.54 0 0.000210805
-0.54 0.18 0.00021137
-0.54 0.36 0.000212893
-0.54 0.54 0.000215627
-0.54 0.72 0.000219605
-0.54 0.9 0.000224414
-0.54 1.08 0.00023063
-0.54 1.26 0.000237615
-0.54 1.44 0.00024552
-0.54 1.62 0.000254748
-0.54 1.8 0.000264949
-0.54 1.98 0.000275822
-0.54 2.16 0.00028757
-0.54 2.34 0.000300093
-0.54 2.52 0.000313393
-0.54 2.7 0.000327904
-0.54 2.88 0.000343158
-0.54 3.06 0.000358217
-0.54 3.24 0.000374337
-0.54 3.42 0.000390707
-0.54 3.6 0.000407562
-0.54 3.78 0.000424913
-0.54 3.96 0.000442402
-0.54 4.14 0.000460158
-0.54 4.32 0.000478103
-0.36 -4.5 0.000494297
-0.36 -4.32 0.000476257
-0.36 -4.14 0.00045822
-0.36 -3.96 0.000440549
-0.36 -3.78 0.000422828
-0.36 -3.6 0.000405446
-0.36 -3.42 0.00038862
-0.36 -3.24 0.000372185
-0.36 -3.06 0.000356181
-0.36 -2.88 0.000340189
-0.36 -2.7 0.000325287
-0.36 -2.52 0.000311105
-0.36 -2.34 0.000297853
-0.36 -2.16 0.000285115
-0.36 -1.98 0.000273001
-0.36 -1.8 0.000262242
-0.36 -1.62 0.000252274
-0.36 -1.44 0.00024288
-0.36 -1.26 0.000234865
-0.36 -1.08 0.000227806
-0.36 -0.9 0.000221713
-0.36 -0.72 0.000216722
-0.36 -0.54 0.000212959
-0.36 -0.36 0.000210184
-0.36 -0.18 0.000208593
-0.36 0 0.000208063
-0.36 0.18 0.000208514
-0.36 0.36 0.000210127
-0.36 0.54 0.000212929
-0.36 0.72 0.000216899
-0.36 0.9 0.00022183
-0.36 1.08 0.000227774
-0.36 1.26 0.000234918
-0.36 1.44 0.000243012
-0.36 1.62 0.000251816
-0.36 1.8 0.000262187
-0.36 1.98 0.000273063
-0.36 2.16 0.000285002
-0.36 2.34 0.000297806
-0.36 2.52 0.000311195
-0.36 2.7 0.000325666
-0.36 2.88 0.000340636
-0.36 3.06 0.000355947
-0.36 3.24 0.000371959
-0.36 3.42 0.000388682
-0.36 3.6 0.000405333
-0.36 3.78 0.00042298
-0.36 3.96 0.000440682
-0.36 4.14 0.000458074
-0.36 4.32 0.000476315
-0.18 -4.5 0.000493341
-0.18 -4.32 0.000474889
-0.18 -4.14 0.000457206
-0.18 -3.96 0.000438889
-0.18 -3.78 0.000421445
-0.18 -3.6 0.000404302
-0.18 -3.42 0.000387556
-0.18 -3.24 0.000371073
-0.18 -3.06 0.000354803
-0.18 -2.88 0.000339289
-0.18 -2.7 0.000324304
-0.18 -2.52 0.000309727
-0.18 -2.34 0.000296406
-0.18 -2.16 0.000283488
-0.18 -1.98 0.000271478
-0.18 -1.8 0.000260503
-0.18 -1.62 0.000250481
-0.18 -1.44 0.000241405
-0.18 -1.26 0.00023325
-0.18 -1.08 0.000226213
-0.18 -0.9 0.000220299
-0.18 -0.72 0.000214914
-0.18 -0.54 0.000211348
-0.18 -0.36 0.000208584
-0.18 -0.18 0.000206778
-0.18 0 0.000206146
-0.18 0.18 0.00020685
-0.18 0.36 0.000208462
-0.18 0.54 0.000211148
-0.18 0.72 0.000215305
-0.18 0.9 0.000220074
-0.18 1.08 0.00022613
-0.18 1.26 0.000233235
-0.18 1.44 0.000241548
-0.18 1.62 0.000250435
-0.18 1.8 0.000260295
-0.18 1.98 0.000271567
-0.18 2.16 0.000283226
-0.18 2.34 0.000296036
-0.18 2.52 0.00030957
-0.18 2.7 0.000324267
-0.18 2.88 0.000338878
-0.18 3.06 0.000354737
-0.18 3.24 0.000371018
-0.18 3.42 0.00038739
-0.18 3.6 0.000404283
-0.18 3.78 0.000421749
-0.18 3.96 0.000439236
-0.18 4.14 0.000457216
-0.18 4.32 0.00047519
0 -4.5 0.000492901
0 -4.32 0.000474498
0 -4.14 0.000456546
0 -3.96 0.000438909
0 -3.78 0.000421202
0 -3.6 0.0004038
0 -3.42 0.000387061
0 -3.24 0.000370536
0 -3.06 0.00035376
0 -2.88 0.00033867
0 -2.7 0.000324181
0 -2.52 0.000309392
0 -2.34 0.000295778
0 -2.16 0.000282964
0 -1.98 0.000270998
0 -1.8 0.000260127
0 -1.62 0.000250053
0 -1.44 0.000240911
0 -1.26 0.00023268
0 -1.08 0.00022554
0 -0.9 0.000219553
0 -0.72 0.000214654
0 -0.54 0.00021059
0 -0.36 0.000207929
0 -0.18 0.000206217
0 0 0.000205873
0 0.18 0.000206278
0 0.36 0.000207854
0 0.54 0.000210649
0 0.72 0.000214563
0 0.9 0.000219479
0 1.08 0.000225527
0 1.26 0.000232588
0 1.44 0.000240901
0 1.62 0.000250066
0 1.8 0.000260025
0 1.98 0.000271144
0 2.16 0.000283109
0 2.34 0.000295875
0 2.52 0.0003096
0 2.7 0.000323677
0 2.88 0.000338897
0 3.06 0.00035406
0 3.24 0.00037057
0 3.42 0.000386913
0 3.6 0.000403888
0 3.78 0.000421032
0 3.96 0.000438927
0 4.14 0.0004569
0 4.32 0.000474609
0.18 -4.5 0.000493113
0.18 -4.32 0.000475298
0.18 -4.14 0.000456884
0.18 -3.96 0.000439065
0.18 -3.78 0.000421736
0.18 -3.6 0.000404358
0.18 -3.42 0.000387436
0.18 -3.24 0.000370973
0.18 -3.06 0.000354731
0.18 -2.88 0.000338999
0.18 -2.7 0.000323958
0.18 -2.52 0.000310101
0.18 -2.34 0.000296532
0.18 -2.16 0.000283457
0.18 -1.98 0.00027167
0.18 -1.8 0.000260505
0.18 -1.62 0.00025055
0.18 -1.44 0.000241297
0.18 -1.26 0.000233218
0.18 -1.08 0.000226423
0.18 -0.9 0.000220219
0.18 -0.72 0.000215288
0.18 -0.54 0.00021128
0.18 -0.36 0.000208376
0.18 -0.18 0.000206793
0.18 0 0.000206178
0.18 0.18 0.000206795
0.18 0.36 0.000208741
0.18 0.54 0.000211384
0.18 0.72 0.000215232
0.18 0.9 0.000220055
0.18 1.08 0.000225982
0.18 1.26 0.000233419
0.18 1.44 0.000241423
0.18 1.62 0.000250414
0.18 1.8 0.000260746
0.18 1.98 0.00027165
0.18 2.16 0.00028357
0.18 2.34 0.000296505
0.18 2.52 0.00030982
0.18 2.7 0.000324207
0.18 2.88 0.000338944
0.18 3.06 0.000354911
0.18 3.24 0.000370547
0.18 3.42 0.000387415
0.18 3.6 0.00040454
0.18 3.78 0.000421332
0.18 3.96 0.000439045
0.18 4.14 0.000457307
0.18 4.32 0.000475228
0.36 -4.5 0.000493887
0.36 -4.32 0.000476088
0.36 -4.14 0.000458504
0.36 -3.96 0.000440445
0.36 -3.78 0.000423084
0.36 -3.6 0.000405483
0.36 -3.42 0.000388617
0.36 -3.24 0.000372142
0.36 -3.06 0.000355899
0.36 -2.88 0.000340764
0.36 -2.7 0.00032528
0.36 -2.52 0.000311555
0.36 -2.34 0.000297718
0.36 -2.16 0.000284942
0.36 -1.98 0.0002734
0.36 -1.8 0.000262175
0.36 -1.62 0.00025215
0.36 -1.44 0.000242957
0.36 -1.26 0.000235019
0.36 -1.08 0.000227784
0.36 -0.9 0.000221621
0.36 -0.72 0.00021676
0.36 -0.54 0.000212878
0.36 -0.36 0.000210326
0.36 -0.18 0.000208444
0.36 0 0.000207962
0.36 0.18 0.000208305
0.36 0.36 0.000210226
0.36 0.54 0.000212901
0.36 0.72 0.000216711
0.36 0.9 0.000221746
0.36 1.08 0.000227782
0.36 1.26 0.000234737
0.36 1.44 0.000242917
0.36 1.62 0.000252175
0.36 1.8 0.000262209
0.36 1.98 0.000273192
0.36 2.16 0.000285176
0.36 2.34 0.000297678
0.36 2.52 0.000311132
0.36 2.7 0.000325307
0.36 2.88 0.000340459
0.36 3.06 0.000356151
0.36 3.24 0.000371977
0.36 3.42 0.000389
0.36 3.6 0.000405818
0.36 3.78 0.000422717
0.36 3.96 0.000440572
0.36 4.14 0.000458373
0.36 4.32 0.000476181
0.54 -4.5 0.000496151
0.54 -4.32 0.000478546
0.54 -4.14 0.000460032
0.54 -3.96 0.000442185
0.54 -3.78 0.000424754
0.54 -3.6 0.000407568
0.54 -3.42 0.000390636
0.54 -3.24 0.000374466
0.54 -3.06 0.000358294
0.54 -2.88 0.000342589
0.54 -2.7 0.00032808
0.54 -2.52 0.000313761
0.54 -2.34 0.000300068
0.54 -2.16 0.000287512
0.54 -1.98 0.000275347
0.54 -1.8 0.000264784
0.54 -1.62 0.000254593
0.54 -1.44 0.000245544
0.54 -1.26 0.000237389
0.54 -1.08 0.000230486
0.54 -0.9 0.000224424
0.54 -0.72 0.000219554
0.54 -0.54 0.000215557
0.54 -0.36 0.000212901
0.54 -0.18 0.000211067
0.54 0 0.000210718
0.54 0.18 0.00021119
0.54 0.36 0.000212853
0.54 0.54 0.000215631
0.54 0.72 0.000219675
0.54 0.9 0.000224627
0.54 1.08 0.000230617
0.54 1.26 0.000237402
0.54 1.44 0.000245657
0.54 1.62 0.000254704
0.54 1.8 0.000264869
0.54 1.98 0.00027553
0.54 2.16 0.000287385
0.54 2.34 0.000300292
0.54 2.52 0.000313791
0.54 2.7 0.000327956
0.54 2.88 0.000342947
0.54 3.06 0.00035861
0.54 3.24 0.000374846
0.54 3.42 0.000390993
0.54 3.6 0.000407774
0.54 3.78 0.000424661
0.54 3.96 0.000442663
0.54 4.14 0.000460085
0.54 4.32 0.000478148
0.72 -4.5 0.000498308
0.72 -4.32 0.000480549
0.72 -4.14 0.000462814
0.72 -3.96 0.000444976
0.72 -3.78 0.000427758
0.72 -3.6 0.000410812
0.72 -3.42 0.00039372
0.72 -3.24 0.000377288
0.72 -3.06 0.000361604
0.72 -2.88 0.000346271
0.72 -2.7 0.000330999
0.72 -2.52 0.000317174
0.72 -2.34 0.000303681
0.72 -2.16 0.000291067
0.72 -1.98 0.000279185
0.72 -1.8 0.000268204
0.72 -1.62 0.000258404
0.72 -1.44 0.000249325
0.72 -1.26 0.000241262
0.72 -1.08 0.000234428
0.72 -0.9 0.000228502
0.72 -0.72 0.000223184
0.72 -0.54 0.000219547
0.72 -0.36 0.000216667
0.72 -0.18 0.000215187
0.72 0 0.000214651
0.72 0.18 0.000215067
0.72 0.36 0.000216864
0.72 0.54 0.000219607
0.72 0.72 0.000223361
0.72 0.9 0.000228277
0.72 1.08 0.000234407
0.72 1.26 0.000241025
0.72 1.44 0.00024951
0.72 1.62 0.000258313
0.72 1.8 0.000268029
0.72 1.98 0.000279238
0.72 2.16 0.000290779
0.72 2.34 0.000303749
0.72 2.52 0.000316791
0.72 2.7 0.000331006
0.72 2.88 0.000345758
0.72 3.06 0.000361268
0.72 3.24 0.000377325
0.72 3.42 0.000393815
0.72 3.6 0.000410481
0.72 3.78 0.000427683
0.72 3.96 0.000445334
0.72 4.14 0.000462996
0.72 4.32 0.000480658
0.9 -4.5 0.000501594
0.9 -4.32 0.000483573
0.9 -4.14 0.000465797
0.9 -3.96 0.000448624
0.9 -3.78 0.000431553
0.9 -3.6 0.000414427
0.9 -3.42 0.000397364
0.9 -3.24 0.000381107
0.9 -3.06 0.000365268
0.9 -2.88 0.000350144
0.9 -2.7 0.000335284
0.9 -2.52 0.000321226
0.9 -2.34 0.000307973
0.9 -2.16 0.000295391
0.9 -1.98 0.000283746
0.9 -1.8 0.0002728
0.9 -1.62 0.000263006
0.9 -1.44 0.000253992
0.9 -1.26 0.000246195
0.9 -1.08 0.000239263
0.9 -0.9 0.000233303
0.9 -0.72 0.000228444
0.9 -0.54 0.000224298
0.9 -0.36 0.000221817
0.9 -0.18 0.000220133
0.9 0 0.000219709
0.9 0.18 0.000220251
0.9 0.36 0.000221814
0.9 0.54 0.000224613
0.9 0.72 0.000228467
0.9 0.9 0.000233122
0.9 1.08 0.000239
0.9 1.26 0.000246085
0.9 1.44 0.00025404
0.9 1.62 0.000262967
0.9 1.8 0.000272903
0.9 1.98 0.000283716
0.9 2.16 0.000295169
0.9 2.34 0.000307667
0.9 2.52 0.000321153
0.9 2.7 0.000335218
0.9 2.88 0.000349699
0.9 3.06 0.000365699
0.9 3.24 0.00038114
0.9 3.42 0.000397473
0.9 3.6 0.000414279
0.9 3.78 0.000431236
0.9 3.96 0.000448145
0.9 4.14 0.000466108
0.9 4.32 0.000483613
1.08 -4.5 0.000505274
1.08 -4.32 0.000487841
1.08 -4.14 0.00047022
1.08 -3.96 0.000452986
1.08 -3.78 0.000435585
1.08 -3.6 0.000418599
1.08 -3.42 0.000402179
1.08 -3.24 0.000385896
1.08 -3.06 0.000370121
1.08 -2.88 0.000355206
1.08 -2.7 0.000340391
1.08 -2.52 0.000326233
1.08 -2.34 0.000313274
1.08 -2.16 0.000300783
1.08 -1.98 0.000288929
1.08 -1.8 0.000278405
1.08 -1.62 0.000268764
1.08 -1.44 0.000259765
1.08 -1.26 0.000252112
1.08 -1.08 0.000245262
1.08 -0.9 0.000239124
1.08 -0.72 0.000234229
1.08 -0.54 0.000230774
1.08 -0.36 0.000227775
1.08 -0.18 0.000226284
1.08 0 0.000225713
1.08 0.18 0.000226177
1.08 0.36 0.00022784
1.08 0.54 0.000230456
1.08 0.72 0.000234444
1.08 0.9 0.000239191
1.08 1.08 0.000244957
1.08 1.26 0.00025208
1.08 1.44 0.000259846
1.08 1.62 0.00026851
1.08 1.8 0.000278522
1.08 1.98 0.000289249
1.08 2.16 0.000300591
1.08 2.34 0.000313376
1.08 2.52 0.000326315
1.08 2.7 0.000340362
1.08 2.88 0.000354783
1.08 3.06 0.000370336
1.08 3.24 0.000385895
1.08 3.42 0.000402125
1.08 3.6 0.000418381
1.08 3.78 0.000435478
1.08 3.96 0.000453016
1.08 4.14 0.000470474
1.08 4.32 0.000487719
1.26 -4.5 0.000509803
1.26 -4.32 0.000492759
1.26 -4.14 0.000474956
1.26 -3.96 0.00045749
1.26 -3.78 0.000440315
1.26 -3.6 0.000424062
1.26 -3.42 0.000407463
1.26 -3.24 0.000391524
1.26 -3.06 0.000375454
1.26 -2.88 0.000360952
1.26 -2.7 0.000346268
1.26 -2.52 0.000332409
1.26 -2.34 0.000319287
1.26 -2.16 0.000306772
1.26 -1.98 0.000295449
1.26 -1.8 0.00028502
1.26 -1.62 0.000275268
1.26 -1.44 0.00026661
1.26 -1.26 0.000258732
1.26 -1.08 0.000252079
1.26 -0.9 0.00024609
1.26 -0.72 0.000241289
1.26 -0.54 0.000237265
1.26 -0.36 0.000234899
1.26 -0.18 0.0002334
1.26 0 0.000232668
1.26 0.18 0.000233225
1.26 0.36 0.000234623
1.26 0.54 0.000237506
1.26 0.72 0.000241264
1.26 0.9 0.000246119
1.26 1.08 0.000251969
1.26 1.26 0.000258733
1.26 1.44 0.000266348
1.26 1.62 0.000275231
1.26 1.8 0.000285169
1.26 1.98 0.000295357
1.26 2.16 0.000307219
1.26 2.34 0.000319632
1.26 2.52 0.000332865
1.26 2.7 0.00034672
1.26 2.88 0.000360774
1.26 3.06 0.000376165
1.26 3.24 0.000391253
1.26 3.42 0.000407439
1.26 3.6 0.000423707
1.26 3.78 0.000440539
1.26 3.96 0.000457921
1.26 4.14 0.000475315
1.26 4.32 0.000492411
1.44 -4.5 0.000515064
1.44 -4.32 0.000497759
1.44 -4.14 0.000480213
1.44 -3.96 0.000463636
1.44 -3.78 0.000446304
1.44 -3.6 0.000429785
1.44 -3.42 0.000413827
1.44 -3.24 0.000398115
1.44 -3.06 0.000382404
1.44 -2.88 0.000367535
1.44 -2.7 0.000353527
1.44 -2.52 0.000339517
1.44 -2.34 0.000326336
1.44 -2.16 0.000314396
1.44 -1.98 0.000303251
1.44 -1.8 0.000292321
1.44 -1.62 0.000282851
1.44 -1.44 0.000274261
1.44 -1.26 0.000266546
1.44 -1.08 0.000259731
1.44 -0.9 0.000254028
1.44 -0.72 0.000249436
1.44 -0.54 0.000245464
1.44 -0.36 0.000242852
1.44 -0.18 0.000241118
1.44 0 0.000240971
1.44 0.18 0.000241189
1.44 0.36 0.000242911
1.44 0.54 0.000245569
1.44 0.72 0.000249374
1.44 0.9 0.000253736
1.44 1.08 0.000259658
1.44 1.26 0.000266657
1.44 1.44 0.00027412
1.44 1.62 0.000283026
1.44 1.8 0.00029273
1.44 1.98 0.000302834
1.44 2.16 0.000314346
1.44 2.34 0.000326799
1.44 2.52 0.000339401
1.44 2.7 0.000353457
1.44 2.88 0.000367571
1.44 3.06 0.000382314
1.44 3.24 0.000397607
1.44 3.42 0.00041382
1.44 3.6 0.000429802
1.44 3.78 0.000446593
1.44 3.96 0.000463523
1.44 4.14 0.000480565
1.44 4.32 0.000498112
1.62 -4.5 0.000520974
1.62 -4.32 0.000503619
1.62 -4.14 0.000486488
1.62 -3.96 0.000469706
1.62 -3.78 0.000452669
1.62 -3.6 0.000436712
1.62 -3.42 0.000420442
1.62 -3.24 0.000405124
1.62 -3.06 0.00038974
1.62 -2.88 0.000374831
1.62 -2.7 0.000360819
1.62 -2.52 0.000347431
1.62 -2.34 0.000334709
1.62 -2.16 0.000322947
1.62 -1.98 0.000311704
1.62 -1.8 0.000300999
1.62 -1.62 0.000291486
1.62 -1.44 0.000282659
1.62 -1.26 0.000275468
1.62 -1.08 0.000268466
1.62 -0.9 0.000263012
1.62 -0.72 0.000258422
1.62 -0.54 0.000254756
1.62 -0.36 0.00025192
1.62 -0.18 0.000250513
1.62 0 0.000250061
1.62 0.18 0.000250704
1.62 0.36 0.000251864
1.62 0.54 0.000254518
1.62 0.72 0.000258233
1.62 0.9 0.000262987
1.62 1.08 0.00026875
1.62 1.26 0.00027531
1.62 1.44 0.000283045
1.62 1.62 0.000291157
1.62 1.8 0.000301075
1.62 1.98 0.000310954
1.62 2.16 0.000322605
1.62 2.34 0.000334732
1.62 2.52 0.00034706
1.62 2.7 0.000360948
1.62 2.88 0.000374963
1.62 3.06 0.000389612
1.62 3.24 0.000404825
1.62 3.42 0.000420537
1.62 3.6 0.000436462
1.62 3.78 0.000452927
1.62 3.96 0.000469965
1.62 4.14 0.000486853
1.62 4.32 0.000503904
1.8 -4.5 0.00052774
1.8 -4.32 0.000510051
1.8 -4.14 0.000493361
1.8 -3.96 0.000476618
1.8 -3.78 0.000459943
1.8 -3.6 0.000444011
1.8 -3.42 0.000428156
1.8 -3.24 0.000412805
1.8 -3.06 0.000397899
1.8 -2.88 0.00038292
1.8 -2.7 0.000369381
1.8 -2.52 0.000355822
1.8 -2.34 0.000343472
1.8 -2.16 0.000331878
1.8 -1.98 0.000320299
1.8 -1.8 0.000310047
1.8 -1.62 0.000301042
1.8 -1.44 0.000292417
1.8 -1.26 0.000285183
1.8 -1.08 0.000278556
1.8 -0.9 0.000272749
1.8 -0.72 0.000268201
1.8 -0.54 0.000264855
1.8 -0.36 0.000262069
1.8 -0.18 0.000260524
1.8 0 0.000260023
1.8 0.18 0.000260792
1.8 0.36 0.000262182
1.8 0.54 0.000264933
1.8 0.72 0.000268259
1.8 0.9 0.000272879
1.8 1.08 0.000278626
1.8 1.26 0.000284886
1.8 1.44 0.000292444
1.8 1.62 0.000300855
1.8 1.8 0.000310126
1.8 1.98 0.000320759
1.8 2.16 0.000331691
1.8 2.34 0.000343626
1.8 2.52 0.000355842
1.8 2.7 0.000368906
1.8 2.88 0.000383527
1.8 3.06 0.000397839
1.8 3.24 0.000412726
1.8 3.42 0.00042832
1.8 3.6 0.000444215
1.8 3.78 0.000460137
1.8 3.96 0.000476783
1.8 4.14 0.000493415
1.8 4.32 0.000510636
1.98 -4.5 0.000534484
1.98 -4.32 0.000517902
1.98 -4.14 0.000500709
1.98 -3.96 0.000484591
1.98 -3.78 0.000468785
1.98 -3.6 0.00045261
1.98 -3.42 0.000436512
1.98 -3.24 0.000421313
1.98 -3.06 0.0004064
1.98 -2.88 0.000392196
1.98 -2.7 0.000378804
1.98 -2.52 0.000365346
1.98 -2.34 0.000353097
1.98 -2.16 0.000341493
1.98 -1.98 0.000330685
1.98 -1.8 0.000320486
1.98 -1.62 0.000311098
1.98 -1.44 0.000303136
1.98 -1.26 0.000295577
1.98 -1.08 0.000289188
1.98 -0.9 0.000283798
1.98 -0.72 0.000279129
1.98 -0.54 0.00027552
1.98 -0.36 0.000273119
1.98 -0.18 0.000271593
1.98 0 0.000271319
1.98 0.18 0.000271626
1.98 0.36 0.000272971
1.98 0.54 0.000275674
1.98 0.72 0.000279098
1.98 0.9 0.000283633
1.98 1.08 0.000289386
1.98 1.26 0.000295504
1.98 1.44 0.000303376
1.98 1.62 0.000311161
1.98 1.8 0.00032047
1.98 1.98 0.00033061
1.98 2.16 0.000341624
1.98 2.34 0.00035319
1.98 2.52 0.000365407
1.98 2.7 0.000378638
1.98 2.88 0.000392573
1.98 3.06 0.000406423
1.98 3.24 0.000421483
1.98 3.42 0.000436623
1.98 3.6 0.000452135
1.98 3.78 0.000468046
1.98 3.96 0.000484111
1.98 4.14 0.000501152
1.98 4.32 0.000517798
2.16 -4.5 0.000542183
2.16 -4.32 0.000525338
2.16 -4.14 0.000508898
2.16 -3.96 0.000492478
2.16 -3.78 0.00047679
2.16 -3.6 0.000460874
2.16 -3.42 0.000445513
2.16 -3.24 0.000431052
2.16 -3.06 0.000416106
2.16 -2.88 0.000402041
2.16 -2.7 0.00038858
2.16 -2.52 0.000375894
2.16 -2.34 0.000363327
2.16 -2.16 0.000352366
2.16 -1.98 0.000341625
2.16 -1.8 0.000331471
2.16 -1.62 0.000322631
2.16 -1.44 0.000314557
2.16 -1.26 0.00030713
2.16 -1.08 0.000301016
2.16 -0.9 0.000295778
2.16 -0.72 0.000290952
2.16 -0.54 0.000287743
2.16 -0.36 0.000284955
2.16 -0.18 0.000283659
2.16 0 0.000282971
2.16 0.18 0.000283558
2.16 0.36 0.000285065
2.16 0.54 0.000287593
2.16 0.72 0.000290949
2.16 0.9 0.000295655
2.16 1.08 0.000300742
2.16 1.26 0.000307153
2.16 1.44 0.000314677
2.16 1.62 0.000322541
2.16 1.8 0.000331638
2.16 1.98 0.000341794
2.16 2.16 0.000352177
2.16 2.34 0.000363533
2.16 2.52 0.000375452
2.16 2.7 0.000388967
2.16 2.88 0.000402268
2.16 3.06 0.000416031
2.16 3.24 0.00043042
2.16 3.42 0.000445221
2.16 3.6 0.000461125
2.16 3.78 0.000477041
2.16 3.96 0.000492789
2.16 4.14 0.000509105
2.16 4.32 0.0005255
2.34 -4.5 0.000549972
2.34 -4.32 0.000533799
2.34 -4.14 0.000517623
2.34 -3.96 0.000501726
2.34 -3.78 0.000485959
2.34 -3.6 0.000470576
2.34 -3.42 0.000455152
2.34 -3.24 0.000440768
2.34 -3.06 0.000426507
2.34 -2.88 0.000412742
2.34 -2.7 0.000399196
2.34 -2.52 0.000386671
2.34 -2.34 0.000375081
2.34 -2.16 0.000363512
2.34 -1.98 0.000352871
2.34 -1.8 0.000343517
2.34 -1.62 0.000334549
2.34 -1.44 0.000326525
2.34 -1.26 0.000319618
2.34 -1.08 0.000312988
2.34 -0.9 0.000308111
2.34 -0.72 0.000303608
2.34 -0.54 0.00030048
2.34 -0.36 0.000297635
2.34 -0.18 0.000296449
2.34 0 0.000295734
2.34 0.18 0.000296124
2.34 0.36 0.000297815
2.34 0.54 0.000300124
2.34 0.72 0.000303732
2.34 0.9 0.00030779
2.34 1.08 0.000313037
2.34 1.26 0.000319643
2.34 1.44 0.000326809
2.34 1.62 0.0003346
2.34 1.8 0.000343736
2.34 1.98 0.00035313
2.34 2.16 0.00036376
2.34 2.34 0.000374834
2.34 2.52 0.000386812
2.34 2.7 0.000399519
2.34 2.88 0.000412362
2.34 3.06 0.000426655
2.34 3.24 0.00044061
2.34 3.42 0.000455449
2.34 3.6 0.000470482
2.34 3.78 0.000485726
2.34 3.96 0.000501485
2.34 4.14 0.000517411
2.34 4.32 0.000533546
2.52 -4.5 0.000558804
2.52 -4.32 0.000542507
2.52 -4.14 0.000526636
2.52 -3.96 0.000511175
2.52 -3.78 0.000495644
2.52 -3.6 0.000480498
2.52 -3.42 0.000465755
2.52 -3.24 0.000451311
2.52 -3.06 0.000437457
2.52 -2.88 0.000423907
2.52 -2.7 0.000411025
2.52 -2.52 0.000398537
2.52 -2.34 0.000386707
2.52 -2.16 0.000375545
2.52 -1.98 0.000365751
2.52 -1.8 0.000356167
2.52 -1.62 0.000347387
2.52 -1.44 0.000339426
2.52 -1.26 0.000332529
2.52 -1.08 0.000326305
2.52 -0.9 0.000321256
2.52 -0.72 0.000316916
2.52 -0.54 0.000313756
2.52 -0.36 0.000311379
2.52 -0.18 0.00030982
2.52 0 0.000309214
2.52 0.18 0.000309782
2.52 0.36 0.000311621
2.52 0.54 0.00031366
2.52 0.72 0.000317041
2.52 0.9 0.000321246
2.52 1.08 0.000326344
2.52 1.26 0.000332749
2.52 1.44 0.000339749
2.52 1.62 0.000347416
2.52 1.8 0.000355863
2.52 1.98 0.000365366
2.52 2.16 0.000376073
2.52 2.34 0.000386836
2.52 2.52 0.000398611
2.52 2.7 0.000410631
2.52 2.88 0.000423977
2.52 3.06 0.00043749
2.52 3.24 0.000451298
2.52 3.42 0.000465343
2.52 3.6 0.00048072
2.52 3.78 0.000495434
2.52 3.96 0.000510932
2.52 4.14 0.000526642
2.52 4.32 0.00054267
2.7 -4.5 0.000568126
2.7 -4.32 0.000552152
2.7 -4.14 0.000536461
2.7 -3.96 0.000520944
2.7 -3.78 0.000505851
2.7 -3.6 0.000491132
2.7 -3.42 0.000476998
2.7 -3.24 0.00046274
2.7 -3.06 0.000448705
2.7 -2.88 0.000435623
2.7 -2.7 0.00042271
2.7 -2.52 0.00041092
2.7 -2.34 0.000399297
2.7 -2.16 0.000388515
2.7 -1.98 0.000378793
2.7 -1.8 0.000369065
2.7 -1.62 0.000360602
2.7 -1.44 0.000353482
2.7 -1.26 0.000346428
2.7 -1.08 0.000340609
2.7 -0.9 0.000335187
2.7 -0.72 0.000330838
2.7 -0.54 0.000327835
2.7 -0.36 0.0003253
2.7 -0.18 0.000324449
2.7 0 0.000323607
2.7 0.18 0.000324492
2.7 0.36 0.000325503
2.7 0.54 0.000327591
2.7 0.72 0.000331272
2.7 0.9 0.000335421
2.7 1.08 0.000340394
2.7 1.26 0.00034668
2.7 1.44 0.00035318
2.7 1.62 0.000360836
2.7 1.8 0.000369172
2.7 1.98 0.000378739
2.7 2.16 0.000388874
2.7 2.34 0.000399395
2.7 2.52 0.000410769
2.7 2.7 0.000422659
2.7 2.88 0.000435785
2.7 3.06 0.000448411
2.7 3.24 0.000462617
2.7 3.42 0.000476625
2.7 3.6 0.000491199
2.7 3.78 0.000505933
2.7 3.96 0.000521271
2.7 4.14 0.000536833
2.7 4.32 0.000552173
2.88 -4.5 0.00057776
2.88 -4.32 0.00056206
2.88 -4.14 0.000546825
2.88 -3.96 0.000531542
2.88 -3.78 0.000516991
2.88 -3.6 0.000502334
2.88 -3.42 0.000488128
2.88 -3.24 0.000474311
2.88 -3.06 0.000460926
2.88 -2.88 0.00044782
2.88 -2.7 0.000435667
2.88 -2.52 0.000424052
2.88 -2.34 0.000412409
2.88 -2.16 0.000402025
2.88 -1.98 0.000392109
2.88 -1.8 0.00038347
2.88 -1.62 0.000374532
2.88 -1.44 0.000367767
2.88 -1.26 0.000360621
2.88 -1.08 0.000354963
2.88 -0.9 0.000350014
2.88 -0.72 0.000346083
2.88 -0.54 0.000342788
2.88 -0.36 0.000340494
2.88 -0.18 0.000339048
2.88 0 0.000338714
2.88 0.18 0.000339269
2.88 0.36 0.000340637
2.88 0.54 0.000342946
2.88 0.72 0.00034596
2.88 0.9 0.000349859
2.88 1.08 0.000355179
2.88 1.26 0.000360796
2.88 1.44 0.00036752
2.88 1.62 0.000375118
2.88 1.8 0.000383022
2.88 1.98 0.000392359
2.88 2.16 0.000402213
2.88 2.34 0.000412721
2.88 2.52 0.000423575
2.88 2.7 0.000435288
2.88 2.88 0.000447876
2.88 3.06 0.000460931
2.88 3.24 0.000474316
2.88 3.42 0.000488379
2.88 3.6 0.000502437
2.88 3.78 0.000517128
2.88 3.96 0.000531674
2.88 4.14 0.000546678
2.88 4.32 0.000562203
3.06 -4.5 0.000587697
3.06 -4.32 0.000572444
3.06 -4.14 0.000557587
3.06 -3.96 0.000542831
3.06 -3.78 0.000528168
3.06 -3.6 0.000514121
3.06 -3.42 0.00050028
3.06 -3.24 0.000486748
3.06 -3.06 0.000473474
3.06 -2.88 0.00046093
3.06 -2.7 0.000448787
3.06 -2.52 0.000437393
3.06 -2.34 0.000426416
3.06 -2.16 0.000416202
3.06 -1.98 0.000406704
3.06 -1.8 0.000397915
3.06 -1.62 0.000389619
3.06 -1.44 0.00038237
3.06 -1.26 0.00037594
3.06 -1.08 0.000370103
3.06 -0.9 0.000365297
3.06 -0.72 0.000361263
3.06 -0.54 0.000358583
3.06 -0.36 0.000356197
3.06 -0.18 0.000354754
3.06 0 0.000354429
3.06 0.18 0.00035484
3.06 0.36 0.000356162
3.06 0.54 0.000358158
3.06 0.72 0.000361653
3.06 0.9 0.000365527
3.06 1.08 0.00036999
3.06 1.26 0.00037574
3.06 1.44 0.000382239
3.06 1.62 0.000389763
3.06 1.8 0.000398014
3.06 1.98 0.00040634
3.06 2.16 0.00041616
3.06 2.34 0.000426319
3.06 2.52 0.000437479
3.06 2.7 0.000448457
3.06 2.88 0.000460987
3.06 3.06 0.000473281
3.06 3.24 0.000486562
3.06 3.42 0.000499982
3.06 3.6 0.000514038
3.06 3.78 0.000527994
3.06 3.96 0.000543065
3.06 4.14 0.00055767
3.06 4.32 0.000572613
3.24 -4.5 0.000598023
3.24 -4.32 0.000583178
3.24 -4.14 0.000568341
3.24 -3.96 0.00055398
3.24 -3.78 0.000539946
3.24 -3.6 0.000525462
3.24 -3.42 0.000512133
3.24 -3.24 0.000499357
3.24 -3.06 0.000486876
3.24 -2.88 0.000474573
3.24 -2.7 0.000462745
3.24 -2.52 0.000451126
3.24 -2.34 0.000440797
3.24 -2.16 0.000430701
3.24 -1.98 0.000421468
3.24 -1.8 0.000412354
3.24 -1.62 0.000405016
3.24 -1.44 0.000397866
3.24 -1.26 0.000391354
3.24 -1.08 0.000385418
3.24 -0.9 0.000381104
3.24 -0.72 0.000377697
3.24 -0.54 0.000374595
3.24 -0.36 0.000372506
3.24 -0.18 0.000371046
3.24 0 0.000370621
3.24 0.18 0.000370942
3.24 0.36 0.000372055
3.24 0.54 0.000374344
3.24 0.72 0.000377551
3.24 0.9 0.000381347
3.24 1.08 0.000386028
3.24 1.26 0.000391498
3.24 1.44 0.000397987
3.24 1.62 0.000405005
3.24 1.8 0.00041305
3.24 1.98 0.000421295
3.24 2.16 0.000430712
3.24 2.34 0.000440966
3.24 2.52 0.000450971
3.24 2.7 0.000462443
3.24 2.88 0.000474066
3.24 3.06 0.000486586
3.24 3.24 0.000498939
3.24 3.42 0.000512675
3.24 3.6 0.000525914
3.24 3.78 0.00054003
3.24 3.96 0.000554231
3.24 4.14 0.000568594
3.24 4.32 0.000583087
3.42 -4.5 0.000608677
3.42 -4.32 0.00059478
3.42 -4.14 0.000579917
3.42 -3.96 0.000565863
3.42 -3.78 0.000552338
3.42 -3.6 0.000538246
3.42 -3.42 0.000525135
3.42 -3.24 0.000512393
3.42 -3.06 0.000499759
3.42 -2.88 0.000487852
3.42 -2.7 0.000476744
3.42 -2.52 0.000465873
3.42 -2.34 0.000455445
3.42 -2.16 0.00044565
3.42 -1.98 0.000436817
3.42 -1.8 0.000428611
3.42 -1.62 0.000420667
3.42 -1.44 0.000413775
3.42 -1.26 0.00040758
3.42 -1.08 0.0004023
3.42 -0.9 0.000397408
3.42 -0.72 0.000393398
3.42 -0.54 0.000390843
3.42 -0.36 0.000389093
3.42 -0.18 0.000387333
3.42 0 0.000387199
3.42 0.18 0.00038753
3.42 0.36 0.000388666
3.42 0.54 0.000390764
3.42 0.72 0.000394006
3.42 0.9 0.000397614
3.42 1.08 0.000402153
3.42 1.26 0.000407609
3.42 1.44 0.000413359
3.42 1.62 0.000421173
3.42 1.8 0.000428232
3.42 1.98 0.000436689
3.42 2.16 0.000445834
3.42 2.34 0.000455467
3.42 2.52 0.0004657
3.42 2.7 0.000476303
3.42 2.88 0.000488419
3.42 3.06 0.000499742
3.42 3.24 0.000512558
3.42 3.42 0.000525292
3.42 3.6 0.000538507
3.42 3.78 0.000552154
3.42 3.96 0.000565761
3.42 4.14 0.000580254
3.42 4.32 0.000594684
3.6 -4.5 0.000619856
3.6 -4.32 0.000606105
3.6 -4.14 0.000592267
3.6 -3.96 0.000578149
3.6 -3.78 0.000564658
3.6 -3.6 0.000551584
3.6 -3.42 0.000538547
3.6 -3.24 0.000526504
3.6 -3.06 0.00051415
3.6 -2.88 0.00050225
3.6 -2.7 0.000491283
3.6 -2.52 0.000480639
3.6 -2.34 0.000470531
3.6 -2.16 0.000461086
3.6 -1.98 0.000452223
3.6 -1.8 0.000444066
3.6 -1.62 0.000436706
3.6 -1.44 0.000430281
3.6 -1.26 0.000424197
3.6 -1.08 0.00041884
3.6 -0.9 0.000414261
3.6 -0.72 0.000410279
3.6 -0.54 0.000408089
3.6 -0.36 0.00040595
3.6 -0.18 0.000404279
3.6 0 0.00040455
3.6 0.18 0.000404203
3.6 0.36 0.000405318
3.6 0.54 0.000407759
3.6 0.72 0.000410569
3.6 0.9 0.000414419
3.6 1.08 0.000418607
3.6 1.26 0.000424099
3.6 1.44 0.000429996
3.6 1.62 0.000436545
3.6 1.8 0.000444252
3.6 1.98 0.000452225
3.6 2.16 0.000461179
3.6 2.34 0.000470674
3.6 2.52 0.000480505
3.6 2.7 0.00049125
3.6 2.88 0.000502111
3.6 3.06 0.000514082
3.6 3.24 0.000525923
3.6 3.42 0.000538392
3.6 3.6 0.000551557
3.6 3.78 0.000564755
3.6 3.96 0.000578241
3.6 4.14 0.000592253
3.6 4.32 0.00060588
3.78 -4.5 0.000631881
3.78 -4.32 0.000618214
3.78 -4.14 0.000603955
3.78 -3.96 0.000590621
3.78 -3.78 0.00057726
3.78 -3.6 0.000564773
3.78 -3.42 0.000552089
3.78 -3.24 0.000539713
3.78 -3.06 0.000528191
3.78 -2.88 0.00051662
3.78 -2.7 0.000506058
3.78 -2.52 0.000495806
3.78 -2.34 0.000485902
3.78 -2.16 0.000476694
3.78 -1.98 0.000468069
3.78 -1.8 0.000460178
3.78 -1.62 0.000452827
3.78 -1.44 0.000446473
3.78 -1.26 0.000440998
3.78 -1.08 0.000435716
3.78 -0.9 0.000431135
3.78 -0.72 0.000428039
3.78 -0.54 0.000424752
3.78 -0.36 0.000422925
3.78 -0.18 0.000422062
3.78 0 0.000421306
3.78 0.18 0.000421843
3.78 0.36 0.00042316
3.78 0.54 0.000425076
3.78 0.72 0.000427784
3.78 0.9 0.000431197
3.78 1.08 0.00043555
3.78 1.26 0.000440475
3.78 1.44 0.000446425
3.78 1.62 0.000452646
3.78 1.8 0.000460292
3.78 1.98 0.000467807
3.78 2.16 0.000476786
3.78 2.34 0.000485537
3.78 2.52 0.000495539
3.78 2.7 0.000506024
3.78 2.88 0.000517126
3.78 3.06 0.000528225
3.78 3.24 0.000539898
3.78 3.42 0.000552063
3.78 3.6 0.000564601
3.78 3.78 0.000577415
3.78 3.96 0.000590485
3.78 4.14 0.000604277
3.78 4.32 0.000618233
3.96 -4.5 0.000643565
3.96 -4.32 0.000629687
3.96 -4.14 0.000616755
3.96 -3.96 0.000603802
3.96 -3.78 0.000590807
3.96 -3.6 0.000578146
3.96 -3.42 0.000566114
3.96 -3.24 0.00055392
3.96 -3.06 0.000542584
3.96 -2.88 0.000531663
3.96 -2.7 0.000521245
3.96 -2.52 0.000511371
3.96 -2.34 0.000501604
3.96 -2.16 0.000492623
3.96 -1.98 0.000484427
3.96 -1.8 0.000477153
3.96 -1.62 0.000469262
3.96 -1.44 0.000463326
3.96 -1.26 0.000457774
3.96 -1.08 0.000452469
3.96 -0.9 0.000448724
3.96 -0.72 0.000445144
3.96 -0.54 0.000442467
3.96 -0.36 0.000440255
3.96 -0.18 0.000439275
3.96 0 0.000439072
3.96 0.18 0.000439446
3.96 0.36 0.000440587
3.96 0.54 0.000442544
3.96 0.72 0.000445045
3.96 0.9 0.000448361
3.96 1.08 0.000452763
3.96 1.26 0.000457978
3.96 1.44 0.000463484
3.96 1.62 0.000469902
3.96 1.8 0.000476559
3.96 1.98 0.000484371
3.96 2.16 0.000493126
3.96 2.34 0.000501793
3.96 2.52 0.000511338
3.96 2.7 0.000520858
3.96 2.88 0.000531792
3.96 3.06 0.000542499
3.96 3.24 0.000554113
3.96 3.42 0.000566118
3.96 3.6 0.000578526
3.96 3.78 0.000590743
3.96 3.96 0.000603319
3.96 4.14 0.000617043
3.96 4.32 0.000630058
4.14 -4.5 0.00065574
4.14 -4.32 0.000642578
4.14 -4.14 0.00062965
4.14 -3.96 0.000616254
4.14 -3.78 0.000604353
4.14 -3.6 0.000591828
4.14 -3.42 0.000579836
4.14 -3.24 0.000568237
4.14 -3.06 0.000557714
4.14 -2.88 0.0005468
4.14 -2.7 0.000536552
4.14 -2.52 0.000526606
4.14 -2.34 0.000517818
4.14 -2.16 0.000509063
4.14 -1.98 0.000501154
4.14 -1.8 0.000493529
4.14 -1.62 0.000486717
4.14 -1.44 0.000480396
4.14 -1.26 0.000474696
4.14 -1.08 0.000470246
4.14 -0.9 0.000466074
4.14 -0.72 0.000462807
4.14 -0.54 0.000460341
4.14 -0.36 0.000458114
4.14 -0.18 0.000457299
4.14 0 0.000456606
4.14 0.18 0.000457101
4.14 0.36 0.000458172
4.14 0.54 0.000460079
4.14 0.72 0.000462668
4.14 0.9 0.000466021
4.14 1.08 0.000470138
4.14 1.26 0.00047483
4.14 1.44 0.00048044
4.14 1.62 0.000486725
4.14 1.8 0.000493283
4.14 1.98 0.00050107
4.14 2.16 0.000508883
4.14 2.34 0.000517624
4.14 2.52 0.000527023
4.14 2.7 0.000536665
4.14 2.88 0.00054669
4.14 3.06 0.000557451
4.14 3.24 0.00056834
4.14 3.42 0.000580089
4.14 3.6 0.000592279
4.14 3.78 0.000604377
4.14 3.96 0.000616698
4.14 4.14 0.000629653
4.14 4.32 0.000643022
4.32 -4.5 0.000668003
4.32 -4.32 0.000655503
4.32 -4.14 0.000642602
4.32 -3.96 0.000630002
4.32 -3.78 0.000617957
4.32 -3.6 0.000605849
4.32 -3.42 0.000594985
4.32 -3.24 0.000583515
4.32 -3.06 0.000572172
4.32 -2.88 0.000561965
4.32 -2.7 0.000552179
4.32 -2.52 0.00054271
4.32 -2.34 0.000533583
4.32 -2.16 0.000525312
4.32 -1.98 0.000517741
4.32 -1.8 0.000510428
4.32 -1.62 0.000503742
4.32 -1.44 0.000497864
4.32 -1.26 0.000492381
4.32 -1.08 0.00048766
4.32 -0.9 0.000483833
4.32 -0.72 0.000480852
4.32 -0.54 0.000477753
4.32 -0.36 0.000476196
4.32 -0.18 0.000475183
4.32 0 0.000474637
4.32 0.18 0.000475277
4.32 0.36 0.000476449
4.32 0.54 0.00047826
4.32 0.72 0.000480718
4.32 0.9 0.0004841
4.32 1.08 0.000488197
4.32 1.26 0.000492382
4.32 1.44 0.000497771
4.32 1.62 0.000503542
4.32 1.8 0.000510588
4.32 1.98 0.000517365
4.32 2.16 0.000525599
4.32 2.34 0.000533568
4.32 2.52 0.000542438
4.32 2.7 0.000552042
4.32 2.88 0.000561867
4.32 3.06 0.00057194
4.32 3.24 0.000583064
4.32 3.42 0.000594344
4.32 3.6 0.000605784
4.32 3.78 0.000617742
4.32 3.96 0.000630218
4.32 4.14 0.000642494
4.32 4.32 0.000655097
