50 0.9 2500
-22.5 -22.5 4.90718e-06
-22.5 -21.6 6.75367e-06
-22.5 -20.7 9.42575e-06
-22.5 -19.8 1.4039e-05
-22.5 -18.9 1.96507e-05
-22.5 -18 2.51521e-05
-22.5 -17.1 3.30301e-05
-22.5 -16.2 3.81978e-05
-22.5 -15.3 4.0947e-05
-22.5 -14.4 6.13155e-05
-22.5 -13.5 6.83226e-05
-22.5 -12.6 6.86543e-05
-22.5 -11.7 8.98985e-05
-22.5 -10.8 0.000103919
-22.5 -9.9 0.000125089
-22.5 -9 0.000141389
-22.5 -8.1 0.000154693
-22.5 -7.2 0.000152673
-22.5 -6.3 0.000183944
-22.5 -5.4 0.000191466
-22.5 -4.5 0.000210603
-22.5 -3.6 0.000224007
-22.5 -2.7 0.00020211
-22.5 -1.8 0.000231122
-22.5 -0.9 0.00021632
-22.5 0 0.000257577
-22.5 0.9 0.000227115
-22.5 1.8 0.000224401
-22.5 2.7 0.000232214
-22.5 3.6 0.000224046
-22.5 4.5 0.000215323
-22.5 5.4 0.000204799
-22.5 6.3 0.000191953
-22.5 7.2 0.000184629
-22.5 8.1 0.000151951
-22.5 9 0.000127357
-22.5 9.9 0.000134097
-22.5 10.8 9.9679e-05
-22.5 11.7 9.33913e-05
-22.5 12.6 8.26339e-05
-22.5 13.5 6.93094e-05
-22.5 14.4 5.36965e-05
-22.5 15.3 4.48591e-05
-22.5 16.2 3.61381e-05
-22.5 17.1 2.58897e-05
-22.5 18 1.94608e-05
-22.5 18.9 1.76504e-05
-22.5 19.8 1.25267e-05
-22.5 20.7 1.09822e-05
-22.5 21.6 7.91199e-06
-21.6 -22.5 7.08275e-06
-21.6 -21.6 9.99976e-06
-21.6 -20.7 1.47304e-05
-21.6 -19.8 1.9996e-05
-21.6 -18.9 2.28915e-05
-21.6 -18 3.20477e-05
-21.6 -17.1 3.64262e-05
-21.6 -16.2 4.90808e-05
-21.6 -15.3 5.70373e-05
-21.6 -14.4 6.29179e-05
-21.6 -13.5 8.64455e-05
-21.6 -12.6 0.000106749
-21.6 -11.7 0.000119098
-21.6 -10.8 0.000119933
-21.6 -9.9 0.000164961
-21.6 -9 0.000185768
-21.6 -8.1 0.000194511
-21.6 -7.2 0.000222736
-21.6 -6.3 0.000216536
-21.6 -5.4 0.000247527
-21.6 -4.5 0.000288914
-21.6 -3.6 0.000252399
-21.6 -2.7 0.000286795
-21.6 -1.8 0.000269359
-21.6 -0.9 0.00030521
-21.6 0 0.000279559
-21.6 0.9 0.000296595
-21.6 1.8 0.000309396
-21.6 2.7 0.000273105
-21.6 3.6 0.000290283
-21.6 4.5 0.000284384
-21.6 5.4 0.000212857
-21.6 6.3 0.000244725
-21.6 7.2 0.000215837
-21.6 8.1 0.000208379
-21.6 9 0.000204172
-21.6 9.9 0.000158957
-21.6 10.8 0.0001475
-21.6 11.7 0.000117279
-21.6 12.6 0.000110319
-21.6 13.5 9.64487e-05
-21.6 14.4 7.60233e-05
-21.6 15.3 6.33225e-05
-21.6 16.2 5.23034e-05
-21.6 17.1 3.67425e-05
-21.6 18 3.02913e-05
-21.6 18.9 2.34598e-05
-21.6 19.8 1.85531e-05
-21.6 20.7 1.45659e-05
-21.6 21.6 8.66024e-06
-20.7 -22.5 9.30661e-06
-20.7 -21.6 1.37066e-05
-20.7 -20.7 1.83993e-05
-20.7 -19.8 2.65044e-05
-20.7 -18.9 2.86444e-05
-20.7 -18 3.81758e-05
-20.7 -17.1 5.1664e-05
-20.7 -16.2 6.38512e-05
-20.7 -15.3 8.06479e-05
-20.7 -14.4 0.000106965
-20.7 -13.5 0.00011144
-20.7 -12.6 0.000125957
-20.7 -11.7 0.000160857
-20.7 -10.8 0.000182084
-20.7 -9.9 0.00020602
-20.7 -9 0.000229178
-20.7 -8.1 0.000257201
-20.7 -7.2 0.000264714
-20.7 -6.3 0.000305979
-20.7 -5.4 0.000301964
-20.7 -4.5 0.000361807
-20.7 -3.6 0.000331632
-20.7 -2.7 0.000349014
-20.7 -1.8 0.000345893
-20.7 -0.9 0.000339018
-20.7 0 0.000424683
-20.7 0.9 0.000398549
-20.7 1.8 0.000383681
-20.7 2.7 0.000350426
-20.7 3.6 0.000325044
-20.7 4.5 0.000321059
-20.7 5.4 0.000347247
-20.7 6.3 0.000315442
-20.7 7.2 0.000273408
-20.7 8.1 0.000283076
-20.7 9 0.000242334
-20.7 9.9 0.000224517
-20.7 10.8 0.000188043
-20.7 11.7 0.000156105
-20.7 12.6 0.000134127
-20.7 13.5 0.000118509
-20.7 14.4 0.000100745
-20.7 15.3 8.1175e-05
-20.7 16.2 5.94331e-05
-20.7 17.1 5.48867e-05
-20.7 18 4.15126e-05
-20.7 18.9 3.25584e-05
-20.7 19.8 2.62267e-05
-20.7 20.7 1.8964e-05
-20.7 21.6 1.47318e-05
-19.8 -22.5 1.20123e-05
-19.8 -21.6 1.95014e-05
-19.8 -20.7 2.11726e-05
-19.8 -19.8 3.24239e-05
-19.8 -18.9 4.47126e-05
-19.8 -18 5.9893e-05
-19.8 -17.1 6.27859e-05
-19.8 -16.2 8.9051e-05
-19.8 -15.3 0.000114719
-19.8 -14.4 0.000119744
-19.8 -13.5 0.000160891
-19.8 -12.6 0.000171873
-19.8 -11.7 0.000206364
-19.8 -10.8 0.000233654
-19.8 -9.9 0.000262602
-19.8 -9 0.000261809
-19.8 -8.1 0.000304795
-19.8 -7.2 0.000297054
-19.8 -6.3 0.000400174
-19.8 -5.4 0.000368261
-19.8 -4.5 0.000447277
-19.8 -3.6 0.000415522
-19.8 -2.7 0.000435649
-19.8 -1.8 0.000482406
-19.8 -0.9 0.000475242
-19.8 0 0.000425382
-19.8 0.9 0.000424113
-19.8 1.8 0.000446216
-19.8 2.7 0.000402266
-19.8 3.6 0.000408198
-19.8 4.5 0.000439409
-19.8 5.4 0.000403841
-19.8 6.3 0.000357312
-19.8 7.2 0.000342822
-19.8 8.1 0.00035057
-19.8 9 0.00030828
-19.8 9.9 0.000272277
-19.8 10.8 0.000256931
-19.8 11.7 0.000234807
-19.8 12.6 0.000170758
-19.8 13.5 0.000138322
-19.8 14.4 0.000132163
-19.8 15.3 0.0001078
-19.8 16.2 8.44499e-05
-19.8 17.1 6.73289e-05
-19.8 18 5.6735e-05
-19.8 18.9 5.18291e-05
-19.8 19.8 3.31759e-05
-19.8 20.7 2.52603e-05
-19.8 21.6 1.93814e-05
-18.9 -22.5 1.87983e-05
-18.9 -21.6 2.03506e-05
-18.9 -20.7 2.95166e-05
-18.9 -19.8 4.15981e-05
-18.9 -18.9 5.74384e-05
-18.9 -18 6.99751e-05
-18.9 -17.1 8.93076e-05
-18.9 -16.2 0.000118268
-18.9 -15.3 0.000136699
-18.9 -14.4 0.00013992
-18.9 -13.5 0.000191801
-18.9 -12.6 0.000209494
-18.9 -11.7 0.000267499
-18.9 -10.8 0.000277274
-18.9 -9.9 0.000293756
-18.9 -9 0.000370663
-18.9 -8.1 0.000338193
-18.9 -7.2 0.000378812
-18.9 -6.3 0.00042463
-18.9 -5.4 0.000446143
-18.9 -4.5 0.000448451
-18.9 -3.6 0.000473909
-18.9 -2.7 0.000494806
-18.9 -1.8 0.000530702
-18.9 -0.9 0.000563954
-18.9 0 0.000516203
-18.9 0.9 0.000522926
-18.9 1.8 0.00049372
-18.9 2.7 0.00053219
-18.9 3.6 0.000519613
-18.9 4.5 0.000471632
-18.9 5.4 0.000487723
-18.9 6.3 0.000456725
-18.9 7.2 0.000474619
-18.9 8.1 0.000416229
-18.9 9 0.00034796
-18.9 9.9 0.000301799
-18.9 10.8 0.00026534
-18.9 11.7 0.000260462
-18.9 12.6 0.000214141
-18.9 13.5 0.00016719
-18.9 14.4 0.000171523
-18.9 15.3 0.000131502
-18.9 16.2 0.00011008
-18.9 17.1 0.000100462
-18.9 18 7.84311e-05
-18.9 18.9 5.39419e-05
-18.9 19.8 4.10576e-05
-18.9 20.7 3.38374e-05
-18.9 21.6 2.57141e-05
-18 -22.5 2.07297e-05
-18 -21.6 3.08061e-05
-18 -20.7 4.30793e-05
-18 -19.8 5.41091e-05
-18 -18.9 7.03098e-05
-18 -18 9.80315e-05
-18 -17.1 0.000117122
-18 -16.2 0.000132766
-18 -15.3 0.000174818
-18 -14.4 0.00020605
-18 -13.5 0.000235834
-18 -12.6 0.000284538
-18 -11.7 0.000283064
-18 -10.8 0.000374765
-18 -9.9 0.000411684
-18 -9 0.000458405
-18 -8.1 0.000487758
-18 -7.2 0.000434316
-18 -6.3 0.000455779
-18 -5.4 0.000558896
-18 -4.5 0.000605693
-18 -3.6 0.00054698
-18 -2.7 0.000540616
-18 -1.8 0.000689615
-18 -0.9 0.000650356
-18 0 0.000703874
-18 0.9 0.000630671
-18 1.8 0.000574178
-18 2.7 0.000588504
-18 3.6 0.000589203
-18 4.5 0.000552487
-18 5.4 0.000479563
-18 6.3 0.000579829
-18 7.2 0.000494643
-18 8.1 0.000487426
-18 9 0.000408978
-18 9.9 0.000377743
-18 10.8 0.000318944
-18 11.7 0.000292727
-18 12.6 0.00027411
-18 13.5 0.000260619
-18 14.4 0.000196774
-18 15.3 0.000154246
-18 16.2 0.000138069
-18 17.1 0.000111984
-18 18 9.57694e-05
-18 18.9 6.57453e-05
-18 19.8 5.65358e-05
-18 20.7 4.50847e-05
-18 21.6 3.03657e-05
-17.1 -22.5 2.99338e-05
-17.1 -21.6 3.67434e-05
-17.1 -20.7 5.36742e-05
-17.1 -19.8 7.83535e-05
-17.1 -18.9 9.3006e-05
-17.1 -18 0.000122021
-17.1 -17.1 0.000144315
-17.1 -16.2 0.000164635
-17.1 -15.3 0.000197078
-17.1 -14.4 0.000232513
-17.1 -13.5 0.000267483
-17.1 -12.6 0.000302742
-17.1 -11.7 0.000375536
-17.1 -10.8 0.000383553
-17.1 -9.9 0.000461106
-17.1 -9 0.000520273
-17.1 -8.1 0.00053618
-17.1 -7.2 0.000569707
-17.1 -6.3 0.000604615
-17.1 -5.4 0.000697086
-17.1 -4.5 0.000606204
-17.1 -3.6 0.000577011
-17.1 -2.7 0.000663524
-17.1 -1.8 0.000609367
-17.1 -0.9 0.00067864
-17.1 0 0.00066692
-17.1 0.9 0.000678527
-17.1 1.8 0.000731687
-17.1 2.7 0.000633433
-17.1 3.6 0.000650406
-17.1 4.5 0.000576439
-17.1 5.4 0.000679364
-17.1 6.3 0.000539634
-17.1 7.2 0.000573463
-17.1 8.1 0.000512165
-17.1 9 0.000415095
-17.1 9.9 0.000437323
-17.1 10.8 0.000366231
-17.1 11.7 0.000345119
-17.1 12.6 0.00033928
-17.1 13.5 0.000283241
-17.1 14.4 0.000259004
-17.1 15.3 0.000176815
-17.1 16.2 0.000195216
-17.1 17.1 0.000157579
-17.1 18 0.000113013
-17.1 18.9 9.20413e-05
-17.1 19.8 7.3706e-05
-17.1 20.7 5.15985e-05
-17.1 21.6 3.89514e-05
-16.2 -22.5 3.35951e-05
-16.2 -21.6 4.80649e-05
-16.2 -20.7 6.49043e-05
-16.2 -19.8 9.24023e-05
-16.2 -18.9 0.000110379
-16.2 -18 0.00014158
-16.2 -17.1 0.000184562
-16.2 -16.2 0.00020879
-16.2 -15.3 0.000272807
-16.2 -14.4 0.000314728
-16.2 -13.5 0.000339096
-16.2 -12.6 0.00035454
-16.2 -11.7 0.00050483
-16.2 -10.8 0.000402029
-16.2 -9.9 0.000480413
-16.2 -9 0.000513436
-16.2 -8.1 0.000580902
-16.2 -7.2 0.000637756
-16.2 -6.3 0.000720772
-16.2 -5.4 0.000659205
-16.2 -4.5 0.000593411
-16.2 -3.6 0.000708316
-16.2 -2.7 0.000779882
-16.2 -1.8 0.000641292
-16.2 -0.9 0.000794669
-16.2 0 0.000668062
-16.2 0.9 0.000757728
-16.2 1.8 0.000641185
-16.2 2.7 0.000687403
-16.2 3.6 0.000688864
-16.2 4.5 0.000692447
-16.2 5.4 0.000666794
-16.2 6.3 0.000626184
-16.2 7.2 0.000619106
-16.2 8.1 0.000648223
-16.2 9 0.000557717
-16.2 9.9 0.000587577
-16.2 10.8 0.000479701
-16.2 11.7 0.000439392
-16.2 12.6 0.000373216
-16.2 13.5 0.00034598
-16.2 14.4 0.000305899
-16.2 15.3 0.000232591
-16.2 16.2 0.000233436
-16.2 17.1 0.000169792
-16.2 18 0.000120767
-16.2 18.9 9.99232e-05
-16.2 19.8 8.67097e-05
-16.2 20.7 6.83888e-05
-16.2 21.6 4.49851e-05
-15.3 -22.5 4.87017e-05
-15.3 -21.6 6.05642e-05
-15.3 -20.7 8.15907e-05
-15.3 -19.8 0.000102245
-15.3 -18.9 0.000116446
-15.3 -18 0.000159356
-15.3 -17.1 0.000189316
-15.3 -16.2 0.000263585
-15.3 -15.3 0.000295534
-15.3 -14.4 0.000321669
-15.3 -13.5 0.000389759
-15.3 -12.6 0.000453435
-15.3 -11.7 0.000503428
-15.3 -10.8 0.000534322
-15.3 -9.9 0.000592358
-15.3 -9 0.000659411
-15.3 -8.1 0.000647025
-15.3 -7.2 0.000791614
-15.3 -6.3 0.000668017
-15.3 -5.4 0.000785124
-15.3 -4.5 0.000741771
-15.3 -3.6 0.000815933
-15.3 -2.7 0.000742562
-15.3 -1.8 0.000758232
-15.3 -0.9 0.000767014
-15.3 0 0.000681624
-15.3 0.9 0.000707588
-15.3 1.8 0.000692348
-15.3 2.7 0.000815647
-15.3 3.6 0.000755547
-15.3 4.5 0.000714852
-15.3 5.4 0.000723185
-15.3 6.3 0.00074519
-15.3 7.2 0.000694634
-15.3 8.1 0.000633067
-15.3 9 0.000593737
-15.3 9.9 0.000577509
-15.3 10.8 0.000540676
-15.3 11.7 0.000524411
-15.3 12.6 0.000405569
-15.3 13.5 0.00041249
-15.3 14.4 0.000342463
-15.3 15.3 0.000313753
-15.3 16.2 0.00028314
-15.3 17.1 0.000186857
-15.3 18 0.000160811
-15.3 18.9 0.000143196
-15.3 19.8 0.000105582
-15.3 20.7 9.76744e-05
-15.3 21.6 5.81521e-05
-14.4 -22.5 5.27321e-05
-14.4 -21.6 7.3047e-05
-14.4 -20.7 0.000105284
-14.4 -19.8 0.000116881
-14.4 -18.9 0.000172822
-14.4 -18 0.000183518
-14.4 -17.1 0.000248217
-14.4 -16.2 0.000298947
-14.4 -15.3 0.000349578
-14.4 -14.4 0.000414674
-14.4 -13.5 0.000489739
-14.4 -12.6 0.000473823
-14.4 -11.7 0.00059651
-14.4 -10.8 0.000644855
-14.4 -9.9 0.000569819
-14.4 -9 0.000670355
-14.4 -8.1 0.000717537
-14.4 -7.2 0.000721035
-14.4 -6.3 0.000785474
-14.4 -5.4 0.000743043
-14.4 -4.5 0.000708871
-14.4 -3.6 0.00079967
-14.4 -2.7 0.000774428
-14.4 -1.8 0.000789655
-14.4 -0.9 0.000791133
-14.4 0 0.000778185
-14.4 0.9 0.000842721
-14.4 1.8 0.000733151
-14.4 2.7 0.000833781
-14.4 3.6 0.000737603
-14.4 4.5 0.000811178
-14.4 5.4 0.000672138
-14.4 6.3 0.000786518
-14.4 7.2 0.000735026
-14.4 8.1 0.000703029
-14.4 9 0.000658351
-14.4 9.9 0.000696554
-14.4 10.8 0.000665949
-14.4 11.7 0.000521122
-14.4 12.6 0.000496559
-14.4 13.5 0.000474385
-14.4 14.4 0.000414255
-14.4 15.3 0.000337698
-14.4 16.2 0.000324504
-14.4 17.1 0.000229128
-14.4 18 0.000205584
-14.4 18.9 0.000145142
-14.4 19.8 0.000124557
-14.4 20.7 9.06303e-05
-14.4 21.6 7.50319e-05
-13.5 -22.5 6.85785e-05
-13.5 -21.6 7.83104e-05
-13.5 -20.7 0.00012317
-13.5 -19.8 0.000144779
-13.5 -18.9 0.000214009
-13.5 -18 0.000236505
-13.5 -17.1 0.000282043
-13.5 -16.2 0.000337424
-13.5 -15.3 0.000408415
-13.5 -14.4 0.000424473
-13.5 -13.5 0.000438366
-13.5 -12.6 0.000508773
-13.5 -11.7 0.00060014
-13.5 -10.8 0.000717551
-13.5 -9.9 0.000740046
-13.5 -9 0.000701209
-13.5 -8.1 0.000770947
-13.5 -7.2 0.000766679
-13.5 -6.3 0.000764285
-13.5 -5.4 0.000835091
-13.5 -4.5 0.000700645
-13.5 -3.6 0.000788381
-13.5 -2.7 0.000826973
-13.5 -1.8 0.000703143
-13.5 -0.9 0.000796189
-13.5 0 0.000623464
-13.5 0.9 0.000705309
-13.5 1.8 0.000785759
-13.5 2.7 0.000804923
-13.5 3.6 0.000781998
-13.5 4.5 0.000691505
-13.5 5.4 0.000795618
-13.5 6.3 0.000772626
-13.5 7.2 0.000776615
-13.5 8.1 0.000736126
-13.5 9 0.000786617
-13.5 9.9 0.000697661
-13.5 10.8 0.000660617
-13.5 11.7 0.000648523
-13.5 12.6 0.000595353
-13.5 13.5 0.000508548
-13.5 14.4 0.000450176
-13.5 15.3 0.000409718
-13.5 16.2 0.000308735
-13.5 17.1 0.000299665
-13.5 18 0.000273762
-13.5 18.9 0.000197381
-13.5 19.8 0.000136453
-13.5 20.7 0.000126536
-13.5 21.6 8.9292e-05
-12.6 -22.5 8.57793e-05
-12.6 -21.6 0.000105861
-12.6 -20.7 0.000137418
-12.6 -19.8 0.000158486
-12.6 -18.9 0.000249443
-12.6 -18 0.000275897
-12.6 -17.1 0.000309116
-12.6 -16.2 0.000407694
-12.6 -15.3 0.000422969
-12.6 -14.4 0.000534003
-12.6 -13.5 0.000623265
-12.6 -12.6 0.000683494
-12.6 -11.7 0.000668751
-12.6 -10.8 0.000673884
-12.6 -9.9 0.000784136
-12.6 -9 0.000725539
-12.6 -8.1 0.000710973
-12.6 -7.2 0.000732708
-12.6 -6.3 0.000621518
-12.6 -5.4 0.000809237
-12.6 -4.5 0.000689185
-12.6 -3.6 0.000778259
-12.6 -2.7 0.000741324
-12.6 -1.8 0.000698582
-12.6 -0.9 0.000768041
-12.6 0 0.000673771
-12.6 0.9 0.000649124
-12.6 1.8 0.000734535
-12.6 2.7 0.000766552
-12.6 3.6 0.000776702
-12.6 4.5 0.000729537
-12.6 5.4 0.000792286
-12.6 6.3 0.000783935
-12.6 7.2 0.000752654
-12.6 8.1 0.00078841
-12.6 9 0.000845381
-12.6 9.9 0.000745017
-12.6 10.8 0.000668177
-12.6 11.7 0.000606388
-12.6 12.6 0.000676203
-12.6 13.5 0.000579102
-12.6 14.4 0.000449229
-12.6 15.3 0.000458881
-12.6 16.2 0.000355448
-12.6 17.1 0.000292101
-12.6 18 0.000300765
-12.6 18.9 0.000211155
-12.6 19.8 0.000186611
-12.6 20.7 0.000159252
-12.6 21.6 0.00010262
-11.7 -22.5 8.97266e-05
-11.7 -21.6 0.000129276
-11.7 -20.7 0.000149759
-11.7 -19.8 0.000220004
-11.7 -18.9 0.000278387
-11.7 -18 0.000312209
-11.7 -17.1 0.000454486
-11.7 -16.2 0.000450973
-11.7 -15.3 0.000496442
-11.7 -14.4 0.000570879
-11.7 -13.5 0.000578706
-11.7 -12.6 0.000676423
-11.7 -11.7 0.000692075
-11.7 -10.8 0.000777437
-11.7 -9.9 0.000802272
-11.7 -9 0.000818247
-11.7 -8.1 0.000714003
-11.7 -7.2 0.000829347
-11.7 -6.3 0.00080592
-11.7 -5.4 0.000733698
-11.7 -4.5 0.000749617
-11.7 -3.6 0.000766926
-11.7 -2.7 0.000643763
-11.7 -1.8 0.00067817
-11.7 -0.9 0.000597804
-11.7 0 0.000539364
-11.7 0.9 0.000687029
-11.7 1.8 0.000665999
-11.7 2.7 0.000618916
-11.7 3.6 0.000631778
-11.7 4.5 0.000659704
-11.7 5.4 0.000681132
-11.7 6.3 0.000701782
-11.7 7.2 0.00072021
-11.7 8.1 0.000860777
-11.7 9 0.000705377
-11.7 9.9 0.000722625
-11.7 10.8 0.000778339
-11.7 11.7 0.000750097
-11.7 12.6 0.000647625
-11.7 13.5 0.000604806
-11.7 14.4 0.000561786
-11.7 15.3 0.000551175
-11.7 16.2 0.000453003
-11.7 17.1 0.000373865
-11.7 18 0.000266635
-11.7 18.9 0.000248864
-11.7 19.8 0.000200617
-11.7 20.7 0.000175265
-11.7 21.6 0.000118706
-10.8 -22.5 0.000120314
-10.8 -21.6 0.000138035
-10.8 -20.7 0.000177205
-10.8 -19.8 0.00024881
-10.8 -18.9 0.000300928
-10.8 -18 0.000349858
-10.8 -17.1 0.000420418
-10.8 -16.2 0.000447396
-10.8 -15.3 0.000512357
-10.8 -14.4 0.000566089
-10.8 -13.5 0.000609983
-10.8 -12.6 0.000713281
-10.8 -11.7 0.000759553
-10.8 -10.8 0.000709152
-10.8 -9.9 0.000864102
-10.8 -9 0.000702177
-10.8 -8.1 0.000660838
-10.8 -7.2 0.000775857
-10.8 -6.3 0.000717615
-10.8 -5.4 0.000609735
-10.8 -4.5 0.000564107
-10.8 -3.6 0.000565947
-10.8 -2.7 0.000583594
-10.8 -1.8 0.000564562
-10.8 -0.9 0.000556181
-10.8 0 0.000509509
-10.8 0.9 0.000526468
-10.8 1.8 0.000598375
-10.8 2.7 0.000519055
-10.8 3.6 0.000560187
-10.8 4.5 0.000568407
-10.8 5.4 0.000650239
-10.8 6.3 0.000693071
-10.8 7.2 0.000808018
-10.8 8.1 0.000725085
-10.8 9 0.000674289
-10.8 9.9 0.000722418
-10.8 10.8 0.000762366
-10.8 11.7 0.000624072
-10.8 12.6 0.0007699
-10.8 13.5 0.000647354
-10.8 14.4 0.00065301
-10.8 15.3 0.000582274
-10.8 16.2 0.000485509
-10.8 17.1 0.000427469
-10.8 18 0.00033673
-10.8 18.9 0.000262842
-10.8 19.8 0.000233692
-10.8 20.7 0.00019127
-10.8 21.6 0.00013216
-9.9 -22.5 0.00012983
-9.9 -21.6 0.000147683
-9.9 -20.7 0.000190924
-9.9 -19.8 0.000252797
-9.9 -18.9 0.000336571
-9.9 -18 0.000373269
-9.9 -17.1 0.000467519
-9.9 -16.2 0.000505435
-9.9 -15.3 0.000599846
-9.9 -14.4 0.000638112
-9.9 -13.5 0.000636342
-9.9 -12.6 0.000751463
-9.9 -11.7 0.000731397
-9.9 -10.8 0.000739736
-9.9 -9.9 0.000761235
-9.9 -9 0.000739637
-9.9 -8.1 0.00068527
-9.9 -7.2 0.000607322
-9.9 -6.3 0.000632621
-9.9 -5.4 0.000579306
-9.9 -4.5 0.000477811
-9.9 -3.6 0.000486989
-9.9 -2.7 0.0004874
-9.9 -1.8 0.000449091
-9.9 -0.9 0.000424685
-9.9 0 0.000421155
-9.9 0.9 0.000445527
-9.9 1.8 0.000424541
-9.9 2.7 0.000452331
-9.9 3.6 0.000440848
-9.9 4.5 0.000620135
-9.9 5.4 0.000604256
-9.9 6.3 0.000557689
-9.9 7.2 0.000592661
-9.9 8.1 0.000715567
-9.9 9 0.000743663
-9.9 9.9 0.000711591
-9.9 10.8 0.000846051
-9.9 11.7 0.000773005
-9.9 12.6 0.000722848
-9.9 13.5 0.000690081
-9.9 14.4 0.000659458
-9.9 15.3 0.000632247
-9.9 16.2 0.000572611
-9.9 17.1 0.000422387
-9.9 18 0.000337861
-9.9 18.9 0.000333591
-9.9 19.8 0.000272074
-9.9 20.7 0.000205955
-9.9 21.6 0.000168977
-9 -22.5 0.000141042
-9 -21.6 0.000205397
-9 -20.7 0.000229511
-9 -19.8 0.000312724
-9 -18.9 0.000366373
-9 -18 0.000390617
-9 -17.1 0.000532263
-9 -16.2 0.000601882
-9 -15.3 0.000569174
-9 -14.4 0.000659877
-9 -13.5 0.000730739
-9 -12.6 0.000752067
-9 -11.7 0.000782361
-9 -10.8 0.000811069
-9 -9.9 0.000727477
-9 -9 0.000721839
-9 -8.1 0.00081459
-9 -7.2 0.000587573
-9 -6.3 0.000534924
-9 -5.4 0.000443682
-9 -4.5 0.000378878
-9 -3.6 0.000393454
-9 -2.7 0.000351615
-9 -1.8 0.000355092
-9 -0.9 0.00028979
-9 0 0.000289773
-9 0.9 0.000314671
-9 1.8 0.000296721
-9 2.7 0.000325209
-9 3.6 0.0003546
-9 4.5 0.000399627
-9 5.4 0.000407608
-9 6.3 0.000565522
-9 7.2 0.000609101
-9 8.1 0.000594664
-9 9 0.00070346
-9 9.9 0.000859952
-9 10.8 0.000775098
-9 11.7 0.000745993
-9 12.6 0.000723278
-9 13.5 0.000749098
-9 14.4 0.000700086
-9 15.3 0.000596925
-9 16.2 0.000551485
-9 17.1 0.000504574
-9 18 0.00041721
-9 18.9 0.000308809
-9 19.8 0.000296432
-9 20.7 0.000237701
-9 21.6 0.000179499
-8.1 -22.5 0.000159146
-8.1 -21.6 0.000190204
-8.1 -20.7 0.000235995
-8.1 -19.8 0.000342323
-8.1 -18.9 0.000410033
-8.1 -18 0.000402797
-8.1 -17.1 0.00057591
-8.1 -16.2 0.000640315
-8.1 -15.3 0.000615025
-8.1 -14.4 0.00064023
-8.1 -13.5 0.000746475
-8.1 -12.6 0.000883883
-8.1 -11.7 0.000809704
-8.1 -10.8 0.000673558
-8.1 -9.9 0.000658343
-8.1 -9 0.000610078
-8.1 -8.1 0.000559492
-8.1 -7.2 0.000509017
-8.1 -6.3 0.000411159
-8.1 -5.4 0.000390831
-8.1 -4.5 0.000301895
-8.1 -3.6 0.00029173
-8.1 -2.7 0.000272965
-8.1 -1.8 0.000232233
-8.1 -0.9 0.000185992
-8.1 0 0.000194332
-8.1 0.9 0.000188826
-8.1 1.8 0.00020938
-8.1 2.7 0.000270413
-8.1 3.6 0.000271882
-8.1 4.5 0.000302511
-8.1 5.4 0.000371309
-8.1 6.3 0.000431177
-8.1 7.2 0.00043807
-8.1 8.1 0.000639992
-8.1 9 0.000665357
-8.1 9.9 0.000693977
-8.1 10.8 0.000804064
-8.1 11.7 0.000796844
-8.1 12.6 0.000733376
-8.1 13.5 0.000768744
-8.1 14.4 0.000684916
-8.1 15.3 0.000638974
-8.1 16.2 0.000628542
-8.1 17.1 0.000597077
-8.1 18 0.000457542
-8.1 18.9 0.000368051
-8.1 19.8 0.000347511
-8.1 20.7 0.000257485
-8.1 21.6 0.00023968
-7.2 -22.5 0.000153577
-7.2 -21.6 0.000226056
-7.2 -20.7 0.000283529
-7.2 -19.8 0.000310506
-7.2 -18.9 0.000426166
-7.2 -18 0.000461088
-7.2 -17.1 0.000563942
-7.2 -16.2 0.000684966
-7.2 -15.3 0.000694243
-7.2 -14.4 0.00075959
-7.2 -13.5 0.000810901
-7.2 -12.6 0.000794654
-7.2 -11.7 0.000661095
-7.2 -10.8 0.000740303
-7.2 -9.9 0.000750656
-7.2 -9 0.000562618
-7.2 -8.1 0.000530192
-7.2 -7.2 0.000421302
-7.2 -6.3 0.000332097
-7.2 -5.4 0.000305864
-7.2 -4.5 0.000204402
-7.2 -3.6 0.000178522
-7.2 -2.7 0.000174773
-7.2 -1.8 0.00016282
-7.2 -0.9 0.000129608
-7.2 0 0.000133101
-7.2 0.9 0.000117387
-7.2 1.8 0.000127511
-7.2 2.7 0.000150903
-7.2 3.6 0.000221623
-7.2 4.5 0.000234901
-7.2 5.4 0.000298437
-7.2 6.3 0.000324929
-7.2 7.2 0.000414436
-7.2 8.1 0.000515167
-7.2 9 0.000560558
-7.2 9.9 0.000722903
-7.2 10.8 0.000723277
-7.2 11.7 0.000676634
-7.2 12.6 0.000764458
-7.2 13.5 0.000870179
-7.2 14.4 0.000707964
-7.2 15.3 0.000769355
-7.2 16.2 0.000631653
-7.2 17.1 0.000541344
-7.2 18 0.0005512
-7.2 18.9 0.000409823
-7.2 19.8 0.00033777
-7.2 20.7 0.000274034
-7.2 21.6 0.000233692
-6.3 -22.5 0.000184574
-6.3 -21.6 0.000211271
-6.3 -20.7 0.000292349
-6.3 -19.8 0.00038909
-6.3 -18.9 0.000432478
-6.3 -18 0.000504237
-6.3 -17.1 0.000603792
-6.3 -16.2 0.000543914
-6.3 -15.3 0.000710955
-6.3 -14.4 0.000678525
-6.3 -13.5 0.000749727
-6.3 -12.6 0.00076693
-6.3 -11.7 0.000670658
-6.3 -10.8 0.000766162
-6.3 -9.9 0.000551864
-6.3 -9 0.000561093
-6.3 -8.1 0.00044988
-6.3 -7.2 0.000349844
-6.3 -6.3 0.000283356
-6.3 -5.4 0.000208024
-6.3 -4.5 0.000166911
-6.3 -3.6 0.000114265
-6.3 -2.7 0.000101046
-6.3 -1.8 8.94893e-05
-6.3 -0.9 6.27283e-05
-6.3 0 6.95032e-05
-6.3 0.9 7.65843e-05
-6.3 1.8 7.15123e-05
-6.3 2.7 0.000107803
-6.3 3.6 0.000128973
-6.3 4.5 0.000162534
-6.3 5.4 0.000231382
-6.3 6.3 0.000282108
-6.3 7.2 0.000355993
-6.3 8.1 0.000419258
-6.3 9 0.000477442
-6.3 9.9 0.000630182
-6.3 10.8 0.000654783
-6.3 11.7 0.000784704
-6.3 12.6 0.000809163
-6.3 13.5 0.000800834
-6.3 14.4 0.000751397
-6.3 15.3 0.000712352
-6.3 16.2 0.000591629
-6.3 17.1 0.000603358
-6.3 18 0.000554244
-6.3 18.9 0.000424502
-6.3 19.8 0.000402109
-6.3 20.7 0.000309826
-6.3 21.6 0.000237885
-5.4 -22.5 0.000189586
-5.4 -21.6 0.000273825
-5.4 -20.7 0.000283142
-5.4 -19.8 0.00041291
-5.4 -18.9 0.000470374
-5.4 -18 0.00053012
-5.4 -17.1 0.000538892
-5.4 -16.2 0.000722831
-5.4 -15.3 0.00068394
-5.4 -14.4 0.000764081
-5.4 -13.5 0.000747306
-5.4 -12.6 0.000781197
-5.4 -11.7 0.000762275
-5.4 -10.8 0.000607444
-5.4 -9.9 0.000536519
-5.4 -9 0.000404175
-5.4 -8.1 0.000352473
-5.4 -7.2 0.000261973
-5.4 -6.3 0.000251152
-5.4 -5.4 0.000176631
-5.4 -4.5 0.000106273
-5.4 -3.6 7.21568e-05
-5.4 -2.7 6.31449e-05
-5.4 -1.8 4.97388e-05
-5.4 -0.9 3.50562e-05
-5.4 0 3.28672e-05
-5.4 0.9 3.45165e-05
-5.4 1.8 3.95169e-05
-5.4 2.7 5.70863e-05
-5.4 3.6 6.67127e-05
-5.4 4.5 0.000107803
-5.4 5.4 0.000159144
-5.4 6.3 0.000202566
-5.4 7.2 0.000295131
-5.4 8.1 0.000393407
-5.4 9 0.000417458
-5.4 9.9 0.000569827
-5.4 10.8 0.000622525
-5.4 11.7 0.000650243
-5.4 12.6 0.000750397
-5.4 13.5 0.000796182
-5.4 14.4 0.000879532
-5.4 15.3 0.000745421
-5.4 16.2 0.00067336
-5.4 17.1 0.000692304
-5.4 18 0.000605921
-5.4 18.9 0.000450301
-5.4 19.8 0.000410135
-5.4 20.7 0.000318312
-5.4 21.6 0.000271725
-4.5 -22.5 0.00020191
-4.5 -21.6 0.000279459
-4.5 -20.7 0.000359951
-4.5 -19.8 0.000380863
-4.5 -18.9 0.000531666
-4.5 -18 0.000661044
-4.5 -17.1 0.000618855
-4.5 -16.2 0.000670446
-4.5 -15.3 0.000697357
-4.5 -14.4 0.000728063
-4.5 -13.5 0.000759188
-4.5 -12.6 0.000770215
-4.5 -11.7 0.000697999
-4.5 -10.8 0.000571111
-4.5 -9.9 0.000480529
-4.5 -9 0.000454224
-4.5 -8.1 0.000322313
-4.5 -7.2 0.000232141
-4.5 -6.3 0.000175451
-4.5 -5.4 0.00011359
-4.5 -4.5 6.81785e-05
-4.5 -3.6 4.13653e-05
-4.5 -2.7 2.49803e-05
-4.5 -1.8 1.90304e-05
-4.5 -0.9 1.52426e-05
-4.5 0 1.3805e-05
-4.5 0.9 1.52076e-05
-4.5 1.8 1.851e-05
-4.5 2.7 2.75198e-05
-4.5 3.6 4.40122e-05
-4.5 4.5 6.47354e-05
-4.5 5.4 0.000113228
-4.5 6.3 0.000190169
-4.5 7.2 0.00021577
-4.5 8.1 0.000316333
-4.5 9 0.000462941
-4.5 9.9 0.000530085
-4.5 10.8 0.000544683
-4.5 11.7 0.000681868
-4.5 12.6 0.000717782
-4.5 13.5 0.00073018
-4.5 14.4 0.000851726
-4.5 15.3 0.000720418
-4.5 16.2 0.000692805
-4.5 17.1 0.000585035
-4.5 18 0.000554482
-4.5 18.9 0.00045215
-4.5 19.8 0.000424241
-4.5 20.7 0.000319105
-4.5 21.6 0.00027689
-3.6 -22.5 0.000207041
-3.6 -21.6 0.000251646
-3.6 -20.7 0.000333518
-3.6 -19.8 0.000433464
-3.6 -18.9 0.000467965
-3.6 -18 0.000633804
-3.6 -17.1 0.000619882
-3.6 -16.2 0.000694106
-3.6 -15.3 0.000791128
-3.6 -14.4 0.000682152
-3.6 -13.5 0.000828639
-3.6 -12.6 0.000792219
-3.6 -11.7 0.000627474
-3.6 -10.8 0.000591466
-3.6 -9.9 0.000450908
-3.6 -9 0.000376719
-3.6 -8.1 0.000284347
-3.6 -7.2 0.000208025
-3.6 -6.3 0.000129132
-3.6 -5.4 6.95596e-05
-3.6 -4.5 4.07371e-05
-3.6 -3.6 2.35946e-05
-3.6 -2.7 1.16695e-05
-3.6 -1.8 7.04543e-06
-3.6 -0.9 5.15137e-06
-3.6 0 4.64554e-06
-3.6 0.9 6.56322e-06
-3.6 1.8 7.79228e-06
-3.6 2.7 1.19286e-05
-3.6 3.6 2.08939e-05
-3.6 4.5 4.2301e-05
-3.6 5.4 8.27238e-05
-3.6 6.3 0.000130552
-3.6 7.2 0.000223293
-3.6 8.1 0.000253821
-3.6 9 0.000417368
-3.6 9.9 0.000518466
-3.6 10.8 0.000588179
-3.6 11.7 0.000705894
-3.6 12.6 0.000692639
-3.6 13.5 0.000851152
-3.6 14.4 0.000699067
-3.6 15.3 0.000781347
-3.6 16.2 0.000677308
-3.6 17.1 0.00065347
-3.6 18 0.000529291
-3.6 18.9 0.000509334
-3.6 19.8 0.000480294
-3.6 20.7 0.000392954
-3.6 21.6 0.000303668
-2.7 -22.5 0.000227174
-2.7 -21.6 0.000294699
-2.7 -20.7 0.000339805
-2.7 -19.8 0.000454752
-2.7 -18.9 0.000508179
-2.7 -18 0.000649278
-2.7 -17.1 0.000598292
-2.7 -16.2 0.000725937
-2.7 -15.3 0.000674891
-2.7 -14.4 0.000738851
-2.7 -13.5 0.000749344
-2.7 -12.6 0.000783645
-2.7 -11.7 0.000607658
-2.7 -10.8 0.000499533
-2.7 -9.9 0.000413803
-2.7 -9 0.000372423
-2.7 -8.1 0.000231553
-2.7 -7.2 0.000151796
-2.7 -6.3 0.000106076
-2.7 -5.4 5.35309e-05
-2.7 -4.5 2.64658e-05
-2.7 -3.6 1.31634e-05
-2.7 -2.7 4.79135e-06
-2.7 -1.8 3.10266e-06
-2.7 -0.9 1.90102e-06
-2.7 0 1.79062e-06
-2.7 0.9 1.73012e-06
-2.7 1.8 2.32729e-06
-2.7 2.7 5.69057e-06
-2.7 3.6 1.21175e-05
-2.7 4.5 3.15962e-05
-2.7 5.4 5.79314e-05
-2.7 6.3 9.49037e-05
-2.7 7.2 0.000161919
-2.7 8.1 0.000230185
-2.7 9 0.000348198
-2.7 9.9 0.000428667
-2.7 10.8 0.000490076
-2.7 11.7 0.000614372
-2.7 12.6 0.000688159
-2.7 13.5 0.000811396
-2.7 14.4 0.000719126
-2.7 15.3 0.000715134
-2.7 16.2 0.000678855
-2.7 17.1 0.000624105
-2.7 18 0.000580514
-2.7 18.9 0.0005456
-2.7 19.8 0.000391178
-2.7 20.7 0.000348695
-2.7 21.6 0.000293055
-1.8 -22.5 0.000208361
-1.8 -21.6 0.000311364
-1.8 -20.7 0.000372092
-1.8 -19.8 0.000435177
-1.8 -18.9 0.000526904
-1.8 -18 0.000658322
-1.8 -17.1 0.000621095
-1.8 -16.2 0.000735944
-1.8 -15.3 0.000753633
-1.8 -14.4 0.000773236
-1.8 -13.5 0.000704155
-1.8 -12.6 0.000668705
-1.8 -11.7 0.000725511
-1.8 -10.8 0.000521232
-1.8 -9.9 0.00037062
-1.8 -9 0.000364979
-1.8 -8.1 0.000232133
-1.8 -7.2 0.000141808
-1.8 -6.3 8.68655e-05
-1.8 -5.4 4.4532e-05
-1.8 -4.5 2.00548e-05
-1.8 -3.6 7.71888e-06
-1.8 -2.7 2.64348e-06
-1.8 -1.8 1.24836e-06
-1.8 -0.9 7.75977e-07
-1.8 0 7.53942e-07
-1.8 0.9 8.33949e-07
-1.8 1.8 1.10781e-06
-1.8 2.7 2.96626e-06
-1.8 3.6 7.70861e-06
-1.8 4.5 1.88436e-05
-1.8 5.4 3.79912e-05
-1.8 6.3 8.95043e-05
-1.8 7.2 0.00014035
-1.8 8.1 0.000202664
-1.8 9 0.000331809
-1.8 9.9 0.000390313
-1.8 10.8 0.000533915
-1.8 11.7 0.0006017
-1.8 12.6 0.000783314
-1.8 13.5 0.000682782
-1.8 14.4 0.000793744
-1.8 15.3 0.00078388
-1.8 16.2 0.000702497
-1.8 17.1 0.000751656
-1.8 18 0.000593107
-1.8 18.9 0.000480999
-1.8 19.8 0.000443746
-1.8 20.7 0.000367862
-1.8 21.6 0.000307205
-0.9 -22.5 0.000225247
-0.9 -21.6 0.000304939
-0.9 -20.7 0.000432182
-0.9 -19.8 0.000432611
-0.9 -18.9 0.000530893
-0.9 -18 0.000680183
-0.9 -17.1 0.00074279
-0.9 -16.2 0.000737044
-0.9 -15.3 0.000810029
-0.9 -14.4 0.000752845
-0.9 -13.5 0.000796459
-0.9 -12.6 0.00078393
-0.9 -11.7 0.000637426
-0.9 -10.8 0.000523853
-0.9 -9.9 0.000374412
-0.9 -9 0.000285938
-0.9 -8.1 0.000211659
-0.9 -7.2 0.000127606
-0.9 -6.3 7.07107e-05
-0.9 -5.4 3.45283e-05
-0.9 -4.5 1.40038e-05
-0.9 -3.6 5.63183e-06
-0.9 -2.7 1.79208e-06
-0.9 -1.8 8.48423e-07
-0.9 -0.9 4.21107e-07
-0.9 0 3.36809e-07
-0.9 0.9 4.25969e-07
-0.9 1.8 7.2984e-07
-0.9 2.7 1.88725e-06
-0.9 3.6 5.33272e-06
-0.9 4.5 1.38047e-05
-0.9 5.4 3.26012e-05
-0.9 6.3 6.86797e-05
-0.9 7.2 0.000111221
-0.9 8.1 0.000204463
-0.9 9 0.000307103
-0.9 9.9 0.000405218
-0.9 10.8 0.000488759
-0.9 11.7 0.000578047
-0.9 12.6 0.000677304
-0.9 13.5 0.000752776
-0.9 14.4 0.000720933
-0.9 15.3 0.000845921
-0.9 16.2 0.000670288
-0.9 17.1 0.00070271
-0.9 18 0.000624958
-0.9 18.9 0.000558162
-0.9 19.8 0.000479142
-0.9 20.7 0.000358653
-0.9 21.6 0.000286598
0 -22.5 0.000217426
0 -21.6 0.000322673
0 -20.7 0.000424881
0 -19.8 0.000466017
0 -18.9 0.000492448
0 -18 0.000597714
0 -17.1 0.000659488
0 -16.2 0.000810586
0 -15.3 0.000717971
0 -14.4 0.000734583
0 -13.5 0.000784346
0 -12.6 0.000621875
0 -11.7 0.000594777
0 -10.8 0.00046603
0 -9.9 0.000428143
0 -9 0.000304905
0 -8.1 0.000219919
0 -7.2 0.000123021
0 -6.3 6.65289e-05
0 -5.4 3.75416e-05
0 -4.5 1.38819e-05
0 -3.6 4.72311e-06
0 -2.7 1.89391e-06
0 -1.8 7.13425e-07
0 -0.9 4.50665e-07
0 0 3.11856e-07
0 0.9 3.57102e-07
0 1.8 6.2573e-07
0 2.7 1.71268e-06
0 3.6 5.44961e-06
0 4.5 1.29631e-05
0 5.4 3.21615e-05
0 6.3 6.74589e-05
0 7.2 0.000107184
0 8.1 0.000226834
0 9 0.000253725
0 9.9 0.000397303
0 10.8 0.000501543
0 11.7 0.000617997
0 12.6 0.00073523
0 13.5 0.000795576
0 14.4 0.000786721
0 15.3 0.000775667
0 16.2 0.000753328
0 17.1 0.000678621
0 18 0.000671409
0 18.9 0.000492007
0 19.8 0.000482072
0 20.7 0.000331517
0 21.6 0.000318086
0.9 -22.5 0.000235636
0.9 -21.6 0.000328021
0.9 -20.7 0.000363952
0.9 -19.8 0.000431304
0.9 -18.9 0.000521786
0.9 -18 0.000703796
0.9 -17.1 0.000634063
0.9 -16.2 0.000764972
0.9 -15.3 0.000788834
0.9 -14.4 0.000851382
0.9 -13.5 0.000824673
0.9 -12.6 0.000690231
0.9 -11.7 0.000568573
0.9 -10.8 0.000496718
0.9 -9.9 0.000483314
0.9 -9 0.000286874
0.9 -8.1 0.000202259
0.9 -7.2 0.000129963
0.9 -6.3 7.52554e-05
0.9 -5.4 3.62056e-05
0.9 -4.5 1.74325e-05
0.9 -3.6 6.06994e-06
0.9 -2.7 1.98189e-06
0.9 -1.8 9.56658e-07
0.9 -0.9 5.84026e-07
0.9 0 3.73511e-07
0.9 0.9 4.47381e-07
0.9 1.8 8.35941e-07
0.9 2.7 2.08795e-06
0.9 3.6 5.24519e-06
0.9 4.5 1.58803e-05
0.9 5.4 3.21131e-05
0.9 6.3 6.84295e-05
0.9 7.2 0.00012929
0.9 8.1 0.000198206
0.9 9 0.000300752
0.9 9.9 0.000410479
0.9 10.8 0.000475555
0.9 11.7 0.000601313
0.9 12.6 0.00068638
0.9 13.5 0.000880153
0.9 14.4 0.000887705
0.9 15.3 0.00079234
0.9 16.2 0.000697531
0.9 17.1 0.0006333
0.9 18 0.000627035
0.9 18.9 0.000549172
0.9 19.8 0.000457358
0.9 20.7 0.000359266
0.9 21.6 0.000287021
1.8 -22.5 0.000213401
1.8 -21.6 0.000278509
1.8 -20.7 0.00033131
1.8 -19.8 0.000488499
1.8 -18.9 0.000565182
1.8 -18 0.000604766
1.8 -17.1 0.000716871
1.8 -16.2 0.000766067
1.8 -15.3 0.000715594
1.8 -14.4 0.000720172
1.8 -13.5 0.000754629
1.8 -12.6 0.00078769
1.8 -11.7 0.000627666
1.8 -10.8 0.000574917
1.8 -9.9 0.000429796
1.8 -9 0.000323829
1.8 -8.1 0.000232263
1.8 -7.2 0.000128583
1.8 -6.3 9.17001e-05
1.8 -5.4 3.7296e-05
1.8 -4.5 1.86858e-05
1.8 -3.6 7.19454e-06
1.8 -2.7 2.51633e-06
1.8 -1.8 1.3035e-06
1.8 -0.9 8.83892e-07
1.8 0 5.42445e-07
1.8 0.9 7.87029e-07
1.8 1.8 1.33724e-06
1.8 2.7 2.69498e-06
1.8 3.6 7.37507e-06
1.8 4.5 1.58077e-05
1.8 5.4 3.61984e-05
1.8 6.3 8.27708e-05
1.8 7.2 0.000150722
1.8 8.1 0.000241578
1.8 9 0.000335102
1.8 9.9 0.000396437
1.8 10.8 0.000493169
1.8 11.7 0.000591827
1.8 12.6 0.000773751
1.8 13.5 0.000760668
1.8 14.4 0.000768837
1.8 15.3 0.000715233
1.8 16.2 0.000640055
1.8 17.1 0.000728521
1.8 18 0.000551983
1.8 18.9 0.000526579
1.8 19.8 0.000452146
1.8 20.7 0.000388921
1.8 21.6 0.000288273
2.7 -22.5 0.000222104
2.7 -21.6 0.000294856
2.7 -20.7 0.000342294
2.7 -19.8 0.000406416
2.7 -18.9 0.000517156
2.7 -18 0.000585706
2.7 -17.1 0.000682434
2.7 -16.2 0.000768383
2.7 -15.3 0.000793617
2.7 -14.4 0.000819212
2.7 -13.5 0.000757906
2.7 -12.6 0.000684818
2.7 -11.7 0.000650582
2.7 -10.8 0.000494377
2.7 -9.9 0.000393653
2.7 -9 0.000365169
2.7 -8.1 0.000266956
2.7 -7.2 0.000157813
2.7 -6.3 9.19991e-05
2.7 -5.4 5.64138e-05
2.7 -4.5 2.82173e-05
2.7 -3.6 1.15904e-05
2.7 -2.7 4.9625e-06
2.7 -1.8 3.25543e-06
2.7 -0.9 1.81357e-06
2.7 0 1.80444e-06
2.7 0.9 1.85887e-06
2.7 1.8 2.62825e-06
2.7 2.7 5.8421e-06
2.7 3.6 1.23374e-05
2.7 4.5 2.69393e-05
2.7 5.4 5.73063e-05
2.7 6.3 9.58104e-05
2.7 7.2 0.000166319
2.7 8.1 0.000223766
2.7 9 0.000345973
2.7 9.9 0.000462368
2.7 10.8 0.00052291
2.7 11.7 0.000673026
2.7 12.6 0.000687874
2.7 13.5 0.000829468
2.7 14.4 0.000742188
2.7 15.3 0.000775037
2.7 16.2 0.000678281
2.7 17.1 0.000729839
2.7 18 0.000552619
2.7 18.9 0.000482063
2.7 19.8 0.000392456
2.7 20.7 0.000341805
2.7 21.6 0.000304921
3.6 -22.5 0.000230128
3.6 -21.6 0.000301811
3.6 -20.7 0.000302014
3.6 -19.8 0.000479313
3.6 -18.9 0.000521484
3.6 -18 0.000591781
3.6 -17.1 0.000612162
3.6 -16.2 0.000750476
3.6 -15.3 0.000769574
3.6 -14.4 0.000770603
3.6 -13.5 0.000827533
3.6 -12.6 0.00058813
3.6 -11.7 0.000638515
3.6 -10.8 0.000540413
3.6 -9.9 0.000493384
3.6 -9 0.00035165
3.6 -8.1 0.000283376
3.6 -7.2 0.000194424
3.6 -6.3 0.000144119
3.6 -5.4 8.06734e-05
3.6 -4.5 3.81041e-05
3.6 -3.6 2.2471e-05
3.6 -2.7 1.10041e-05
3.6 -1.8 6.6711e-06
3.6 -0.9 5.25176e-06
3.6 0 4.77125e-06
3.6 0.9 5.45015e-06
3.6 1.8 6.94062e-06
3.6 2.7 1.22976e-05
3.6 3.6 2.33876e-05
3.6 4.5 3.94157e-05
3.6 5.4 7.27868e-05
3.6 6.3 0.000125168
3.6 7.2 0.000181735
3.6 8.1 0.000293399
3.6 9 0.000354593
3.6 9.9 0.000490241
3.6 10.8 0.000588907
3.6 11.7 0.0006881
3.6 12.6 0.000676837
3.6 13.5 0.000708859
3.6 14.4 0.000759652
3.6 15.3 0.000788074
3.6 16.2 0.000657674
3.6 17.1 0.000686028
3.6 18 0.000580554
3.6 18.9 0.000488528
3.6 19.8 0.000423185
3.6 20.7 0.000371067
3.6 21.6 0.00032487
4.5 -22.5 0.000205949
4.5 -21.6 0.000235809
4.5 -20.7 0.000312259
4.5 -19.8 0.000404747
4.5 -18.9 0.00041169
4.5 -18 0.000592575
4.5 -17.1 0.00065908
4.5 -16.2 0.00068057
4.5 -15.3 0.000736242
4.5 -14.4 0.000750567
4.5 -13.5 0.000833702
4.5 -12.6 0.000668677
4.5 -11.7 0.000714485
4.5 -10.8 0.000570887
4.5 -9.9 0.000485978
4.5 -9 0.000431531
4.5 -8.1 0.000311326
4.5 -7.2 0.000230684
4.5 -6.3 0.000160246
4.5 -5.4 0.000140404
4.5 -4.5 6.511e-05
4.5 -3.6 4.47302e-05
4.5 -2.7 2.9093e-05
4.5 -1.8 1.89692e-05
4.5 -0.9 1.36557e-05
4.5 0 1.31127e-05
4.5 0.9 1.40808e-05
4.5 1.8 2.1779e-05
4.5 2.7 2.57642e-05
4.5 3.6 3.96377e-05
4.5 4.5 7.08591e-05
4.5 5.4 0.000111189
4.5 6.3 0.000190561
4.5 7.2 0.000236603
4.5 8.1 0.000348884
4.5 9 0.000488421
4.5 9.9 0.00048027
4.5 10.8 0.000693054
4.5 11.7 0.00061088
4.5 12.6 0.000755039
4.5 13.5 0.000833272
4.5 14.4 0.000740168
4.5 15.3 0.000754259
4.5 16.2 0.00069215
4.5 17.1 0.000555732
4.5 18 0.000557209
4.5 18.9 0.00054456
4.5 19.8 0.000393361
4.5 20.7 0.000322667
4.5 21.6 0.000264835
5.4 -22.5 0.000188185
5.4 -21.6 0.000226459
5.4 -20.7 0.000329673
5.4 -19.8 0.000349137
5.4 -18.9 0.000456706
5.4 -18 0.000497175
5.4 -17.1 0.000573232
5.4 -16.2 0.000659842
5.4 -15.3 0.000701285
5.4 -14.4 0.000740623
5.4 -13.5 0.000795484
5.4 -12.6 0.000762764
5.4 -11.7 0.000805169
5.4 -10.8 0.000632199
5.4 -9.9 0.000617595
5.4 -9 0.000467277
5.4 -8.1 0.000448422
5.4 -7.2 0.000263045
5.4 -6.3 0.000195942
5.4 -5.4 0.000135962
5.4 -4.5 0.000114282
5.4 -3.6 7.72934e-05
5.4 -2.7 5.2905e-05
5.4 -1.8 3.90428e-05
5.4 -0.9 3.74726e-05
5.4 0 3.38489e-05
5.4 0.9 3.21987e-05
5.4 1.8 4.25273e-05
5.4 2.7 5.71703e-05
5.4 3.6 7.67395e-05
5.4 4.5 0.000110947
5.4 5.4 0.000156732
5.4 6.3 0.000224009
5.4 7.2 0.000328339
5.4 8.1 0.00037455
5.4 9 0.000409157
5.4 9.9 0.000529552
5.4 10.8 0.000675221
5.4 11.7 0.000605935
5.4 12.6 0.000712179
5.4 13.5 0.000753772
5.4 14.4 0.000638067
5.4 15.3 0.00072584
5.4 16.2 0.000784134
5.4 17.1 0.000644816
5.4 18 0.000565931
5.4 18.9 0.000483295
5.4 19.8 0.000416187
5.4 20.7 0.000331145
5.4 21.6 0.000264665
6.3 -22.5 0.000199856
6.3 -21.6 0.000229042
6.3 -20.7 0.000313112
6.3 -19.8 0.000355117
6.3 -18.9 0.000407734
6.3 -18 0.000449404
6.3 -17.1 0.000548227
6.3 -16.2 0.000723849
6.3 -15.3 0.000631636
6.3 -14.4 0.000746341
6.3 -13.5 0.000788677
6.3 -12.6 0.000710427
6.3 -11.7 0.000664124
6.3 -10.8 0.000692883
6.3 -9.9 0.000635056
6.3 -9 0.000532223
6.3 -8.1 0.000426532
6.3 -7.2 0.000348027
6.3 -6.3 0.000276789
6.3 -5.4 0.000221378
6.3 -4.5 0.00016993
6.3 -3.6 0.0001097
6.3 -2.7 9.43893e-05
6.3 -1.8 8.7459e-05
6.3 -0.9 6.96795e-05
6.3 0 6.59285e-05
6.3 0.9 7.0368e-05
6.3 1.8 7.33171e-05
6.3 2.7 0.00010146
6.3 3.6 0.000122805
6.3 4.5 0.000153492
6.3 5.4 0.000227379
6.3 6.3 0.00027989
6.3 7.2 0.000371266
6.3 8.1 0.000409873
6.3 9 0.000469769
6.3 9.9 0.0006276
6.3 10.8 0.000686344
6.3 11.7 0.000798683
6.3 12.6 0.000859781
6.3 13.5 0.000753312
6.3 14.4 0.000708249
6.3 15.3 0.000731283
6.3 16.2 0.000755885
6.3 17.1 0.000574306
6.3 18 0.000498254
6.3 18.9 0.000466757
6.3 19.8 0.000343972
6.3 20.7 0.00028374
6.3 21.6 0.000261006
7.2 -22.5 0.000175482
7.2 -21.6 0.000248421
7.2 -20.7 0.000317309
7.2 -19.8 0.000340561
7.2 -18.9 0.000414636
7.2 -18 0.000509114
7.2 -17.1 0.000570387
7.2 -16.2 0.000673388
7.2 -15.3 0.0006716
7.2 -14.4 0.000719417
7.2 -13.5 0.000769666
7.2 -12.6 0.000724341
7.2 -11.7 0.000790913
7.2 -10.8 0.000703604
7.2 -9.9 0.000605451
7.2 -9 0.000603324
7.2 -8.1 0.000572825
7.2 -7.2 0.000445798
7.2 -6.3 0.000328241
7.2 -5.4 0.000301361
7.2 -4.5 0.000225251
7.2 -3.6 0.000201647
7.2 -2.7 0.000149774
7.2 -1.8 0.000141181
7.2 -0.9 0.000117897
7.2 0 0.000123781
7.2 0.9 0.000120226
7.2 1.8 0.000121038
7.2 2.7 0.000158923
7.2 3.6 0.000210215
7.2 4.5 0.000222252
7.2 5.4 0.000278789
7.2 6.3 0.000366495
7.2 7.2 0.00048983
7.2 8.1 0.000552388
7.2 9 0.000586018
7.2 9.9 0.000729963
7.2 10.8 0.000726324
7.2 11.7 0.000708587
7.2 12.6 0.000801181
7.2 13.5 0.000734168
7.2 14.4 0.000644476
7.2 15.3 0.000738769
7.2 16.2 0.000666495
7.2 17.1 0.000523504
7.2 18 0.000522037
7.2 18.9 0.000433021
7.2 19.8 0.000366106
7.2 20.7 0.000286969
7.2 21.6 0.000218177
8.1 -22.5 0.000154315
8.1 -21.6 0.000211891
8.1 -20.7 0.000264046
8.1 -19.8 0.000337247
8.1 -18.9 0.000357257
8.1 -18 0.000456676
8.1 -17.1 0.000527306
8.1 -16.2 0.00055654
8.1 -15.3 0.000646745
8.1 -14.4 0.000689927
8.1 -13.5 0.000802219
8.1 -12.6 0.000815786
8.1 -11.7 0.000816344
8.1 -10.8 0.000782626
8.1 -9.9 0.000687995
8.1 -9 0.000643905
8.1 -8.1 0.000550406
8.1 -7.2 0.000576466
8.1 -6.3 0.000433048
8.1 -5.4 0.000358622
8.1 -4.5 0.000340136
8.1 -3.6 0.000292705
8.1 -2.7 0.000252028
8.1 -1.8 0.000213848
8.1 -0.9 0.000218562
8.1 0 0.000204454
8.1 0.9 0.000212738
8.1 1.8 0.000227574
8.1 2.7 0.000241652
8.1 3.6 0.000285282
8.1 4.5 0.000344779
8.1 5.4 0.000361823
8.1 6.3 0.000428104
8.1 7.2 0.000490467
8.1 8.1 0.000559196
8.1 9 0.000593375
8.1 9.9 0.00075456
8.1 10.8 0.000678596
8.1 11.7 0.000797698
8.1 12.6 0.000669268
8.1 13.5 0.00073007
8.1 14.4 0.000731535
8.1 15.3 0.000698469
8.1 16.2 0.000555973
8.1 17.1 0.000506875
8.1 18 0.000456048
8.1 18.9 0.000350981
8.1 19.8 0.000294793
8.1 20.7 0.000243586
8.1 21.6 0.000199442
9 -22.5 0.000140128
9 -21.6 0.000176468
9 -20.7 0.000233322
9 -19.8 0.000286098
9 -18.9 0.000347828
9 -18 0.00040341
9 -17.1 0.000445054
9 -16.2 0.000548327
9 -15.3 0.000676562
9 -14.4 0.000572555
9 -13.5 0.000718878
9 -12.6 0.00077677
9 -11.7 0.000959559
9 -10.8 0.000836903
9 -9.9 0.000792413
9 -9 0.000638103
9 -8.1 0.000551026
9 -7.2 0.000544233
9 -6.3 0.000553401
9 -5.4 0.000419637
9 -4.5 0.000450513
9 -3.6 0.000415901
9 -2.7 0.000369871
9 -1.8 0.000325388
9 -0.9 0.000278147
9 0 0.000297635
9 0.9 0.00028721
9 1.8 0.000294662
9 2.7 0.000308248
9 3.6 0.000362857
9 4.5 0.00040328
9 5.4 0.000445348
9 6.3 0.000499727
9 7.2 0.000560922
9 8.1 0.00062569
9 9 0.000688471
9 9.9 0.000703255
9 10.8 0.000678348
9 11.7 0.000833179
9 12.6 0.000773971
9 13.5 0.000763567
9 14.4 0.000673322
9 15.3 0.000581384
9 16.2 0.000577865
9 17.1 0.000519506
9 18 0.000442217
9 18.9 0.000346505
9 19.8 0.000274916
9 20.7 0.000222925
9 21.6 0.000181351
9.9 -22.5 0.000126828
9.9 -21.6 0.00016742
9.9 -20.7 0.000207177
9.9 -19.8 0.000251454
9.9 -18.9 0.000276843
9.9 -18 0.000415488
9.9 -17.1 0.00040133
9.9 -16.2 0.000560766
9.9 -15.3 0.000604791
9.9 -14.4 0.000651034
9.9 -13.5 0.000731622
9.9 -12.6 0.000777732
9.9 -11.7 0.000843033
9.9 -10.8 0.000710544
9.9 -9.9 0.000719859
9.9 -9 0.000757882
9.9 -8.1 0.000748452
9.9 -7.2 0.000665419
9.9 -6.3 0.000575509
9.9 -5.4 0.000539118
9.9 -4.5 0.000526314
9.9 -3.6 0.000478405
9.9 -2.7 0.000436225
9.9 -1.8 0.000423841
9.9 -0.9 0.000431233
9.9 0 0.000409426
9.9 0.9 0.000380221
9.9 1.8 0.000417857
9.9 2.7 0.000416458
9.9 3.6 0.000470051
9.9 4.5 0.000525642
9.9 5.4 0.000601826
9.9 6.3 0.000624658
9.9 7.2 0.000725078
9.9 8.1 0.000695023
9.9 9 0.000659187
9.9 9.9 0.000720453
9.9 10.8 0.00067262
9.9 11.7 0.000811757
9.9 12.6 0.000762634
9.9 13.5 0.000695483
9.9 14.4 0.000602844
9.9 15.3 0.000588709
9.9 16.2 0.000547797
9.9 17.1 0.000488144
9.9 18 0.000423003
9.9 18.9 0.000346502
9.9 19.8 0.000240178
9.9 20.7 0.000217232
9.9 21.6 0.000163203
10.8 -22.5 0.000103954
10.8 -21.6 0.000139571
10.8 -20.7 0.000196741
10.8 -19.8 0.000256084
10.8 -18.9 0.000311652
10.8 -18 0.000354662
10.8 -17.1 0.000373123
10.8 -16.2 0.000468641
10.8 -15.3 0.000506634
10.8 -14.4 0.000555054
10.8 -13.5 0.000743467
10.8 -12.6 0.000672707
10.8 -11.7 0.00063987
10.8 -10.8 0.000724021
10.8 -9.9 0.000762237
10.8 -9 0.000706592
10.8 -8.1 0.000697959
10.8 -7.2 0.000754382
10.8 -6.3 0.000650347
10.8 -5.4 0.000653273
10.8 -4.5 0.000659666
10.8 -3.6 0.000599212
10.8 -2.7 0.000555118
10.8 -1.8 0.000545854
10.8 -0.9 0.000495041
10.8 0 0.000575358
10.8 0.9 0.000533573
10.8 1.8 0.000523814
10.8 2.7 0.000551698
10.8 3.6 0.00054709
10.8 4.5 0.000598747
10.8 5.4 0.000714755
10.8 6.3 0.000664772
10.8 7.2 0.000742794
10.8 8.1 0.000737591
10.8 9 0.000729333
10.8 9.9 0.000755498
10.8 10.8 0.000744178
10.8 11.7 0.000764558
10.8 12.6 0.000698954
10.8 13.5 0.000646441
10.8 14.4 0.000584765
10.8 15.3 0.000511615
10.8 16.2 0.000520448
10.8 17.1 0.000455016
10.8 18 0.000328009
10.8 18.9 0.000244699
10.8 19.8 0.000200051
10.8 20.7 0.000175174
10.8 21.6 0.000149615
11.7 -22.5 9.55241e-05
11.7 -21.6 0.0001209
11.7 -20.7 0.000160318
11.7 -19.8 0.00021554
11.7 -18.9 0.000272256
11.7 -18 0.00029321
11.7 -17.1 0.00032596
11.7 -16.2 0.000480136
11.7 -15.3 0.000506521
11.7 -14.4 0.000563326
11.7 -13.5 0.000578748
11.7 -12.6 0.000782706
11.7 -11.7 0.000663804
11.7 -10.8 0.000792868
11.7 -9.9 0.00085264
11.7 -9 0.000835922
11.7 -8.1 0.000847169
11.7 -7.2 0.000770422
11.7 -6.3 0.000715148
11.7 -5.4 0.000677213
11.7 -4.5 0.000654709
11.7 -3.6 0.000635467
11.7 -2.7 0.000695403
11.7 -1.8 0.000595651
11.7 -0.9 0.000598733
11.7 0 0.000581998
11.7 0.9 0.000553462
11.7 1.8 0.000634359
11.7 2.7 0.00067993
11.7 3.6 0.00067427
11.7 4.5 0.000684707
11.7 5.4 0.000725388
11.7 6.3 0.000719664
11.7 7.2 0.000663434
11.7 8.1 0.000817843
11.7 9 0.00066552
11.7 9.9 0.000768293
11.7 10.8 0.000766242
11.7 11.7 0.000666046
11.7 12.6 0.000633758
11.7 13.5 0.000679078
11.7 14.4 0.000575737
11.7 15.3 0.000516639
11.7 16.2 0.000453721
11.7 17.1 0.000419816
11.7 18 0.000339601
11.7 18.9 0.00024228
11.7 19.8 0.000201134
11.7 20.7 0.000151683
11.7 21.6 0.000134064
12.6 -22.5 7.92425e-05
12.6 -21.6 0.000102197
12.6 -20.7 0.000128976
12.6 -19.8 0.000183179
12.6 -18.9 0.000204989
12.6 -18 0.000268936
12.6 -17.1 0.000352801
12.6 -16.2 0.000375602
12.6 -15.3 0.00054484
12.6 -14.4 0.000567808
12.6 -13.5 0.000531808
12.6 -12.6 0.000726186
12.6 -11.7 0.00062754
12.6 -10.8 0.000606146
12.6 -9.9 0.000736684
12.6 -9 0.000806006
12.6 -8.1 0.000681815
12.6 -7.2 0.000871416
12.6 -6.3 0.000714184
12.6 -5.4 0.000758228
12.6 -4.5 0.000758617
12.6 -3.6 0.000637934
12.6 -2.7 0.000770961
12.6 -1.8 0.000811257
12.6 -0.9 0.000674497
12.6 0 0.000707814
12.6 0.9 0.000742729
12.6 1.8 0.000649966
12.6 2.7 0.000726754
12.6 3.6 0.000683518
12.6 4.5 0.000773923
12.6 5.4 0.000790059
12.6 6.3 0.000721273
12.6 7.2 0.000766083
12.6 8.1 0.000767186
12.6 9 0.000740765
12.6 9.9 0.000709241
12.6 10.8 0.000751534
12.6 11.7 0.000659698
12.6 12.6 0.000636805
12.6 13.5 0.000571973
12.6 14.4 0.000504505
12.6 15.3 0.000422882
12.6 16.2 0.000430863
12.6 17.1 0.000316348
12.6 18 0.000276541
12.6 18.9 0.000204628
12.6 19.8 0.000193637
12.6 20.7 0.000139998
12.6 21.6 0.000102234
13.5 -22.5 6.86803e-05
13.5 -21.6 9.25539e-05
13.5 -20.7 0.000108629
13.5 -19.8 0.000139758
13.5 -18.9 0.000179155
13.5 -18 0.000243456
13.5 -17.1 0.000289529
13.5 -16.2 0.000336929
13.5 -15.3 0.000454564
13.5 -14.4 0.000444761
13.5 -13.5 0.000492933
13.5 -12.6 0.000530755
13.5 -11.7 0.000617922
13.5 -10.8 0.000682187
13.5 -9.9 0.000681688
13.5 -9 0.000697607
13.5 -8.1 0.000822929
13.5 -7.2 0.000764753
13.5 -6.3 0.000779787
13.5 -5.4 0.000777397
13.5 -4.5 0.000749326
13.5 -3.6 0.000786122
13.5 -2.7 0.000716886
13.5 -1.8 0.000726688
13.5 -0.9 0.000723266
13.5 0 0.000880512
13.5 0.9 0.000756502
13.5 1.8 0.000847921
13.5 2.7 0.000833592
13.5 3.6 0.000815532
13.5 4.5 0.000707186
13.5 5.4 0.000795816
13.5 6.3 0.00084596
13.5 7.2 0.000759188
13.5 8.1 0.000780957
13.5 9 0.000667411
13.5 9.9 0.000650076
13.5 10.8 0.000708752
13.5 11.7 0.000613519
13.5 12.6 0.0005625
13.5 13.5 0.000539535
13.5 14.4 0.000445969
13.5 15.3 0.000400634
13.5 16.2 0.000327702
13.5 17.1 0.000284392
13.5 18 0.00022204
13.5 18.9 0.000171864
13.5 19.8 0.000146437
13.5 20.7 0.000121196
13.5 21.6 8.41703e-05
14.4 -22.5 6.28143e-05
14.4 -21.6 6.44732e-05
14.4 -20.7 0.000100322
14.4 -19.8 0.000122695
14.4 -18.9 0.000165574
14.4 -18 0.000227042
14.4 -17.1 0.000236129
14.4 -16.2 0.000282304
14.4 -15.3 0.00036635
14.4 -14.4 0.000386534
14.4 -13.5 0.000441632
14.4 -12.6 0.000462235
14.4 -11.7 0.000592355
14.4 -10.8 0.000600976
14.4 -9.9 0.000638129
14.4 -9 0.000692657
14.4 -8.1 0.000701674
14.4 -7.2 0.000757555
14.4 -6.3 0.000711009
14.4 -5.4 0.000743929
14.4 -4.5 0.000767961
14.4 -3.6 0.000794314
14.4 -2.7 0.000797516
14.4 -1.8 0.000796187
14.4 -0.9 0.000798806
14.4 0 0.000681407
14.4 0.9 0.000764238
14.4 1.8 0.000755585
14.4 2.7 0.000781552
14.4 3.6 0.000755934
14.4 4.5 0.000756217
14.4 5.4 0.000725184
14.4 6.3 0.000737096
14.4 7.2 0.000897384
14.4 8.1 0.000780005
14.4 9 0.000711316
14.4 9.9 0.00071243
14.4 10.8 0.000691751
14.4 11.7 0.000584002
14.4 12.6 0.000481492
14.4 13.5 0.000490329
14.4 14.4 0.00037602
14.4 15.3 0.000386774
14.4 16.2 0.000287642
14.4 17.1 0.000225665
14.4 18 0.000198053
14.4 18.9 0.000155078
14.4 19.8 0.000119448
14.4 20.7 9.80597e-05
14.4 21.6 7.57002e-05
15.3 -22.5 4.1218e-05
15.3 -21.6 5.98486e-05
15.3 -20.7 7.95203e-05
15.3 -19.8 0.000102523
15.3 -18.9 0.000136822
15.3 -18 0.000166961
15.3 -17.1 0.000191099
15.3 -16.2 0.000282577
15.3 -15.3 0.000266898
15.3 -14.4 0.000332876
15.3 -13.5 0.00041476
15.3 -12.6 0.000448643
15.3 -11.7 0.000539618
15.3 -10.8 0.000587131
15.3 -9.9 0.000645188
15.3 -9 0.000680186
15.3 -8.1 0.000661495
15.3 -7.2 0.000703178
15.3 -6.3 0.000727367
15.3 -5.4 0.000633653
15.3 -4.5 0.000812888
15.3 -3.6 0.000728603
15.3 -2.7 0.000725849
15.3 -1.8 0.000730681
15.3 -0.9 0.000933354
15.3 0 0.000731907
15.3 0.9 0.000778201
15.3 1.8 0.000763499
15.3 2.7 0.000764343
15.3 3.6 0.000661772
15.3 4.5 0.000693862
15.3 5.4 0.000749312
15.3 6.3 0.000647346
15.3 7.2 0.000688496
15.3 8.1 0.000712386
15.3 9 0.0006272
15.3 9.9 0.000510584
15.3 10.8 0.000559245
15.3 11.7 0.000532087
15.3 12.6 0.000461285
15.3 13.5 0.000372723
15.3 14.4 0.000312996
15.3 15.3 0.000317057
15.3 16.2 0.000215765
15.3 17.1 0.000223115
15.3 18 0.000180238
15.3 18.9 0.000135934
15.3 19.8 0.000108654
15.3 20.7 7.5381e-05
15.3 21.6 5.43655e-05
16.2 -22.5 3.42033e-05
16.2 -21.6 4.73232e-05
16.2 -20.7 6.11888e-05
16.2 -19.8 7.88251e-05
16.2 -18.9 0.000120546
16.2 -18 0.000146022
16.2 -17.1 0.000167002
16.2 -16.2 0.000234671
16.2 -15.3 0.000251974
16.2 -14.4 0.000312028
16.2 -13.5 0.000313262
16.2 -12.6 0.000388742
16.2 -11.7 0.000488006
16.2 -10.8 0.00046387
16.2 -9.9 0.000492122
16.2 -9 0.00050825
16.2 -8.1 0.000654453
16.2 -7.2 0.000622433
16.2 -6.3 0.00061032
16.2 -5.4 0.000717912
16.2 -4.5 0.000706258
16.2 -3.6 0.000655507
16.2 -2.7 0.000731292
16.2 -1.8 0.000659775
16.2 -0.9 0.00072041
16.2 0 0.00077856
16.2 0.9 0.000691051
16.2 1.8 0.000755867
16.2 2.7 0.000835038
16.2 3.6 0.000756866
16.2 4.5 0.000765994
16.2 5.4 0.000678061
16.2 6.3 0.00055842
16.2 7.2 0.000646367
16.2 8.1 0.00063023
16.2 9 0.000538928
16.2 9.9 0.00057717
16.2 10.8 0.000469959
16.2 11.7 0.0004442
16.2 12.6 0.000369323
16.2 13.5 0.000351807
16.2 14.4 0.000288515
16.2 15.3 0.000269751
16.2 16.2 0.000221021
16.2 17.1 0.000166139
16.2 18 0.000154911
16.2 18.9 0.000115607
16.2 19.8 8.72331e-05
16.2 20.7 6.92488e-05
16.2 21.6 5.2691e-05
17.1 -22.5 3.23816e-05
17.1 -21.6 3.99204e-05
17.1 -20.7 5.66671e-05
17.1 -19.8 7.51174e-05
17.1 -18.9 9.08343e-05
17.1 -18 9.98551e-05
17.1 -17.1 0.000143708
17.1 -16.2 0.000167433
17.1 -15.3 0.000204481
17.1 -14.4 0.000273513
17.1 -13.5 0.000296634
17.1 -12.6 0.000328261
17.1 -11.7 0.000336834
17.1 -10.8 0.000423134
17.1 -9.9 0.000423133
17.1 -9 0.000497373
17.1 -8.1 0.000574564
17.1 -7.2 0.000569993
17.1 -6.3 0.000566448
17.1 -5.4 0.00059379
17.1 -4.5 0.000665273
17.1 -3.6 0.000710254
17.1 -2.7 0.000652034
17.1 -1.8 0.000674736
17.1 -0.9 0.000638464
17.1 0 0.000711195
17.1 0.9 0.000639079
17.1 1.8 0.000799207
17.1 2.7 0.000705726
17.1 3.6 0.000693031
17.1 4.5 0.000625927
17.1 5.4 0.000605158
17.1 6.3 0.00058947
17.1 7.2 0.000515517
17.1 8.1 0.000530079
17.1 9 0.00055839
17.1 9.9 0.00043126
17.1 10.8 0.000473502
17.1 11.7 0.000365533
17.1 12.6 0.000298432
17.1 13.5 0.00025952
17.1 14.4 0.000226389
17.1 15.3 0.00020022
17.1 16.2 0.000195939
17.1 17.1 0.000133691
17.1 18 0.000117483
17.1 18.9 8.34864e-05
17.1 19.8 6.77676e-05
17.1 20.7 5.3068e-05
17.1 21.6 4.3705e-05
18 -22.5 2.10225e-05
18 -21.6 2.93204e-05
18 -20.7 4.29206e-05
18 -19.8 5.93264e-05
18 -18.9 7.24947e-05
18 -18 8.73517e-05
18 -17.1 0.000128046
18 -16.2 0.000137384
18 -15.3 0.000164072
18 -14.4 0.000225125
18 -13.5 0.000261866
18 -12.6 0.000270621
18 -11.7 0.000300831
18 -10.8 0.000339082
18 -9.9 0.000401227
18 -9 0.000404804
18 -8.1 0.000427433
18 -7.2 0.000549615
18 -6.3 0.000498537
18 -5.4 0.000482726
18 -4.5 0.000488086
18 -3.6 0.000561491
18 -2.7 0.000554559
18 -1.8 0.000566478
18 -0.9 0.000619031
18 0 0.000624552
18 0.9 0.000593263
18 1.8 0.000614224
18 2.7 0.000592667
18 3.6 0.000611375
18 4.5 0.000537454
18 5.4 0.00053247
18 6.3 0.000534686
18 7.2 0.000466213
18 8.1 0.000423061
18 9 0.000384129
18 9.9 0.000366802
18 10.8 0.00038354
18 11.7 0.000299995
18 12.6 0.000286102
18 13.5 0.000234159
18 14.4 0.000206077
18 15.3 0.000146776
18 16.2 0.000136394
18 17.1 0.000117044
18 18 9.85373e-05
18 18.9 7.8397e-05
18 19.8 5.71785e-05
18 20.7 4.35096e-05
18 21.6 3.20187e-05
18.9 -22.5 1.74734e-05
18.9 -21.6 2.40242e-05
18.9 -20.7 3.5869e-05
18.9 -19.8 4.24862e-05
18.9 -18.9 5.29428e-05
18.9 -18 8.02081e-05
18.9 -17.1 9.94817e-05
18.9 -16.2 0.000120081
18.9 -15.3 0.000161225
18.9 -14.4 0.000153982
18.9 -13.5 0.000182759
18.9 -12.6 0.000237695
18.9 -11.7 0.000260965
18.9 -10.8 0.000282395
18.9 -9.9 0.000333603
18.9 -9 0.000338666
18.9 -8.1 0.000357871
18.9 -7.2 0.000391727
18.9 -6.3 0.000435698
18.9 -5.4 0.000522105
18.9 -4.5 0.00046076
18.9 -3.6 0.000517977
18.9 -2.7 0.000492634
18.9 -1.8 0.000494218
18.9 -0.9 0.000573893
18.9 0 0.00049663
18.9 0.9 0.000487794
18.9 1.8 0.00051273
18.9 2.7 0.000535426
18.9 3.6 0.000536466
18.9 4.5 0.000491791
18.9 5.4 0.000460482
18.9 6.3 0.000420479
18.9 7.2 0.000424185
18.9 8.1 0.000400945
18.9 9 0.000378095
18.9 9.9 0.00030661
18.9 10.8 0.000321476
18.9 11.7 0.000234236
18.9 12.6 0.000222873
18.9 13.5 0.000198768
18.9 14.4 0.000169715
18.9 15.3 0.000134387
18.9 16.2 0.000100444
18.9 17.1 9.83433e-05
18.9 18 7.04088e-05
18.9 18.9 5.53328e-05
18.9 19.8 4.59279e-05
18.9 20.7 3.15581e-05
18.9 21.6 2.76701e-05
19.8 -22.5 1.17571e-05
19.8 -21.6 1.69123e-05
19.8 -20.7 2.1819e-05
19.8 -19.8 2.74205e-05
19.8 -18.9 4.78216e-05
19.8 -18 5.57504e-05
19.8 -17.1 7.45349e-05
19.8 -16.2 8.63529e-05
19.8 -15.3 9.20171e-05
19.8 -14.4 0.000127438
19.8 -13.5 0.000164453
19.8 -12.6 0.000180716
19.8 -11.7 0.000186812
19.8 -10.8 0.000238757
19.8 -9.9 0.000251677
19.8 -9 0.000295491
19.8 -8.1 0.000334507
19.8 -7.2 0.000310244
19.8 -6.3 0.000379282
19.8 -5.4 0.000369235
19.8 -4.5 0.000400281
19.8 -3.6 0.000479664
19.8 -2.7 0.000398588
19.8 -1.8 0.000406137
19.8 -0.9 0.000438807
19.8 0 0.000465043
19.8 0.9 0.000461749
19.8 1.8 0.000435479
19.8 2.7 0.000428322
19.8 3.6 0.000460595
19.8 4.5 0.000353214
19.8 5.4 0.000407783
19.8 6.3 0.000324136
19.8 7.2 0.000341335
19.8 8.1 0.000299161
19.8 9 0.00031821
19.8 9.9 0.000279926
19.8 10.8 0.000232358
19.8 11.7 0.000205007
19.8 12.6 0.000205402
19.8 13.5 0.00015422
19.8 14.4 0.000122745
19.8 15.3 0.000113227
19.8 16.2 9.0007e-05
19.8 17.1 6.70199e-05
19.8 18 6.14643e-05
19.8 18.9 4.68659e-05
19.8 19.8 3.15704e-05
19.8 20.7 2.61755e-05
19.8 21.6 1.64152e-05
20.7 -22.5 1.0089e-05
20.7 -21.6 1.34874e-05
20.7 -20.7 1.73663e-05
20.7 -19.8 2.75331e-05
20.7 -18.9 3.05869e-05
20.7 -18 4.02217e-05
20.7 -17.1 5.01548e-05
20.7 -16.2 6.13677e-05
20.7 -15.3 8.54858e-05
20.7 -14.4 0.000108087
20.7 -13.5 0.000123383
20.7 -12.6 0.000135038
20.7 -11.7 0.000169612
20.7 -10.8 0.000183089
20.7 -9.9 0.000198262
20.7 -9 0.000205843
20.7 -8.1 0.000236698
20.7 -7.2 0.000256688
20.7 -6.3 0.000274333
20.7 -5.4 0.000327024
20.7 -4.5 0.000329024
20.7 -3.6 0.000327202
20.7 -2.7 0.000330773
20.7 -1.8 0.000396893
20.7 -0.9 0.000361412
20.7 0 0.000412516
20.7 0.9 0.000362876
20.7 1.8 0.00040268
20.7 2.7 0.000370179
20.7 3.6 0.000350039
20.7 4.5 0.000338704
20.7 5.4 0.000313781
20.7 6.3 0.000301512
20.7 7.2 0.000246851
20.7 8.1 0.000269629
20.7 9 0.000243574
20.7 9.9 0.000198768
20.7 10.8 0.000172141
20.7 11.7 0.000168746
20.7 12.6 0.000118026
20.7 13.5 0.00011714
20.7 14.4 0.000101491
20.7 15.3 7.8933e-05
20.7 16.2 6.87931e-05
20.7 17.1 5.24516e-05
20.7 18 3.82077e-05
20.7 18.9 3.68218e-05
20.7 19.8 2.31127e-05
20.7 20.7 1.89265e-05
20.7 21.6 1.28967e-05
21.6 -22.5 7.07853e-06
21.6 -21.6 1.01678e-05
21.6 -20.7 1.40123e-05
21.6 -19.8 1.87934e-05
21.6 -18.9 2.48579e-05
21.6 -18 2.79543e-05
21.6 -17.1 3.89061e-05
21.6 -16.2 5.04083e-05
21.6 -15.3 6.12993e-05
21.6 -14.4 6.63065e-05
21.6 -13.5 9.09676e-05
21.6 -12.6 9.64346e-05
21.6 -11.7 0.000129427
21.6 -10.8 0.000137494
21.6 -9.9 0.000154405
21.6 -9 0.000166453
21.6 -8.1 0.000224854
21.6 -7.2 0.000202349
21.6 -6.3 0.000235797
21.6 -5.4 0.000243663
21.6 -4.5 0.000293914
21.6 -3.6 0.000282283
21.6 -2.7 0.000262969
21.6 -1.8 0.000283932
21.6 -0.9 0.000304861
21.6 0 0.000323399
21.6 0.9 0.000303435
21.6 1.8 0.000256018
21.6 2.7 0.000297801
21.6 3.6 0.000272773
21.6 4.5 0.000279746
21.6 5.4 0.000238451
21.6 6.3 0.000194223
21.6 7.2 0.000209402
21.6 8.1 0.000193363
21.6 9 0.000157232
21.6 9.9 0.000164879
21.6 10.8 0.000149285
21.6 11.7 0.000120742
21.6 12.6 0.000103516
21.6 13.5 7.73796e-05
21.6 14.4 7.43784e-05
21.6 15.3 6.78376e-05
21.6 16.2 5.18501e-05
21.6 17.1 4.54568e-05
21.6 18 3.4827e-05
21.6 18.9 2.34323e-05
21.6 19.8 1.86098e-05
21.6 20.7 1.40215e-05
21.6 21.6 1.02391e-05
