2 20 20 1000
0.88 0.3 3.02115 9.19487
0.88 0.31 3.02007 9.18341
0.88 0.32 3.01751 9.16316
0.88 0.33 3.01431 9.13956
0.88 0.34 3.01075 9.11457
0.88 0.35 3.00844 9.09707
0.88 0.36 3.00712 9.08602
0.88 0.37 3.00546 9.07304
0.88 0.38 3.00486 9.06702
0.88 0.39 3.00346 9.05614
0.88 0.4 3.00028 9.03447
0.88 0.41 2.99909 9.02533
0.88 0.42 2.99886 9.02235
0.88 0.43 2.99786 9.0149
0.88 0.44 2.99711 9.00913
0.88 0.45 2.99544 8.99816
0.88 0.46 2.99503 8.99477
0.88 0.47 2.99459 8.99147
0.88 0.48 2.99391 8.98683
0.88 0.49 2.99329 8.98271
0.89 0.3 3.01807 9.16951
0.89 0.31 3.01605 9.15246
0.89 0.32 3.01346 9.13243
0.89 0.33 3.01073 9.11242
0.89 0.34 3.00729 9.08812
0.89 0.35 3.00564 9.07478
0.89 0.36 3.00397 9.06168
0.89 0.37 3.00408 9.06002
0.89 0.38 3.00201 9.04485
0.89 0.39 3.00058 9.03392
0.89 0.4 2.99926 9.02397
0.89 0.41 2.99824 9.01613
0.89 0.42 2.99727 9.00874
0.89 0.43 2.99576 8.99857
0.89 0.44 2.99514 8.99378
0.89 0.45 2.99437 8.98826
0.89 0.46 2.99366 8.9833
0.89 0.47 2.99302 8.97889
0.89 0.48 2.99279 8.97711
0.89 0.49 2.9924 8.97455
0.9 0.3 3.01473 9.14327
0.9 0.31 3.01294 9.12787
0.9 0.32 3.00933 9.10237
0.9 0.33 3.00664 9.08248
0.9 0.34 3.00434 9.06508
0.9 0.35 3.0035 9.05719
0.9 0.36 3.00201 9.0454
0.9 0.37 2.99984 9.02947
0.9 0.38 2.9994 9.0247
0.9 0.39 2.99814 9.01511
0.9 0.4 2.99737 9.00864
0.9 0.41 2.99642 9.00144
0.9 0.42 2.99501 8.9918
0.9 0.43 2.9944 8.98701
0.9 0.44 2.99368 8.98182
0.9 0.45 2.99311 8.97763
0.9 0.46 2.99249 8.97337
0.9 0.47 2.99213 8.97086
0.9 0.48 2.99189 8.96922
0.9 0.49 2.99134 8.96586
0.91 0.3 3.01216 9.12207
0.91 0.31 3.00811 9.09382
0.91 0.32 3.00586 9.07643
0.91 0.33 3.00428 9.06326
0.91 0.34 3.00323 9.05405
0.91 0.35 3.00114 9.03858
0.91 0.36 2.99913 9.02354
0.91 0.37 2.99802 9.01459
0.91 0.38 2.99733 9.00832
0.91 0.39 2.99689 9.00392
0.91 0.4 2.99565 8.99516
0.91 0.41 2.99485 8.989
0.91 0.42 2.99441 8.98521
0.91 0.43 2.99377 8.98041
0.91 0.44 2.99308 8.97555
0.91 0.45 2.99241 8.97097
0.91 0.46 2.99205 8.96845
0.91 0.47 2.99147 8.96476
0.91 0.48 2.99108 8.96232
0.91 0.49 2.99058 8.95939
0.92 0.3 3.00966 9.10206
0.92 0.31 3.00594 9.07608
0.92 0.32 3.00437 9.06282
0.92 0.33 3.0032 9.0528
0.92 0.34 3.00168 9.04064
0.92 0.35 2.99956 9.02495
0.92 0.36 2.99811 9.01382
0.92 0.37 2.99738 9.00725
0.92 0.38 2.99587 8.99653
0.92 0.39 2.99501 8.98979
0.92 0.4 2.99426 8.98389
0.92 0.41 2.99401 8.98116
0.92 0.42 2.99359 8.97773
0.92 0.43 2.99294 8.97309
0.92 0.44 2.99199 8.96671
0.92 0.45 2.99143 8.96294
0.92 0.46 2.99091 8.95958
0.92 0.47 2.99054 8.95728
0.92 0.48 2.99022 8.95546
0.92 0.49 2.98996 8.9541
0.93 0.3 3.00598 9.07598
0.93 0.31 3.00422 9.06146
0.93 0.32 3.00335 9.053
0.93 0.33 3.00186 9.04064
0.93 0.34 3 9.02659
0.93 0.35 2.99906 9.01839
0.93 0.36 2.99788 9.00918
0.93 0.37 2.99541 8.9926
0.93 0.38 2.99459 8.98601
0.93 0.39 2.99398 8.9809
0.93 0.4 2.99366 8.97775
0.93 0.41 2.99299 8.97273
0.93 0.42 2.99238 8.96834
0.93 0.43 2.99214 8.96636
0.93 0.44 2.99166 8.96306
0.93 0.45 2.99132 8.96082
0.93 0.46 2.99098 8.95868
0.93 0.47 2.99069 8.95704
0.93 0.48 2.99046 8.95587
0.93 0.49 2.99028 8.9551
0.94 0.3 3.00508 9.06685
0.94 0.31 3.00367 9.05457
0.94 0.32 3.00199 9.04084
0.94 0.33 3.00016 9.02692
0.94 0.34 2.99921 9.01853
0.94 0.35 2.99756 9.00676
0.94 0.36 2.99662 8.99912
0.94 0.37 2.99573 8.99204
0.94 0.38 2.99452 8.98328
0.94 0.39 2.99424 8.98032
0.94 0.4 2.99358 8.97534
0.94 0.41 2.99298 8.97101
0.94 0.42 2.99259 8.96805
0.94 0.43 2.99213 8.96492
0.94 0.44 2.99175 8.96239
0.94 0.45 2.99144 8.96047
0.94 0.46 2.9912 8.95911
0.94 0.47 2.99102 8.95827
0.94 0.48 2.99107 8.95891
0.94 0.49 2.99114 8.95984
0.95 0.3 3.00402 9.05661
0.95 0.31 3.00263 9.04452
0.95 0.32 3.00083 9.03071
0.95 0.33 2.99987 9.02215
0.95 0.34 2.9982 9.01024
0.95 0.35 2.99726 9.0025
0.95 0.36 2.99652 8.9962
0.95 0.37 2.99559 8.98912
0.95 0.38 2.99497 8.98403
0.95 0.39 2.99431 8.97907
0.95 0.4 2.99384 8.97542
0.95 0.41 2.99332 8.97172
0.95 0.42 2.99288 8.96867
0.95 0.43 2.99251 8.96623
0.95 0.44 2.99221 8.96434
0.95 0.45 2.99196 8.96293
0.95 0.46 2.99181 8.96227
0.95 0.47 2.99186 8.96298
0.95 0.48 2.99198 8.96418
0.95 0.49 2.99208 8.9654
0.96 0.3 3.00451 9.05582
0.96 0.31 3.00251 9.04078
0.96 0.32 3.00012 9.02399
0.96 0.33 2.99909 9.0155
0.96 0.34 2.99822 9.00805
0.96 0.35 2.99733 9.00083
0.96 0.36 2.99652 8.99441
0.96 0.37 2.99624 8.99134
0.96 0.38 2.99542 8.98536
0.96 0.39 2.9947 8.98017
0.96 0.4 2.9942 8.97656
0.96 0.41 2.99378 8.97362
0.96 0.42 2.99343 8.9713
0.96 0.43 2.99315 8.96954
0.96 0.44 2.99294 8.96832
0.96 0.45 2.99282 8.96784
0.96 0.46 2.99281 8.96816
0.96 0.47 2.99293 8.96942
0.96 0.48 2.99306 8.97086
0.96 0.49 2.9932 8.97248
0.97 0.3 3.00354 9.04739
0.97 0.31 3.00114 9.03044
0.97 0.32 3.00022 9.02245
0.97 0.33 2.99919 9.01396
0.97 0.34 2.99829 9.00665
0.97 0.35 2.99768 9.00133
0.97 0.36 2.99721 8.99703
0.97 0.37 2.99649 8.99161
0.97 0.38 2.99612 8.98848
0.97 0.39 2.99532 8.98307
0.97 0.4 2.99481 8.97959
0.97 0.41 2.99449 8.97738
0.97 0.42 2.99423 8.97574
0.97 0.43 2.99403 8.97466
0.97 0.44 2.99385 8.97378
0.97 0.45 2.99389 8.97441
0.97 0.46 2.99403 8.97576
0.97 0.47 2.99419 8.97739
0.97 0.48 2.99441 8.97948
0.97 0.49 2.99465 8.98184
0.98 0.3 3.00206 9.03655
0.98 0.31 3.0013 9.02939
0.98 0.32 3.00024 9.02065
0.98 0.33 2.99934 9.01327
0.98 0.34 2.99878 9.00818
0.98 0.35 2.99833 9.00391
0.98 0.36 2.99781 8.99956
0.98 0.37 2.9972 8.99501
0.98 0.38 2.99656 8.99049
0.98 0.39 2.99594 8.98637
0.98 0.4 2.99567 8.98445
0.98 0.41 2.99543 8.98292
0.98 0.42 2.99526 8.98197
0.98 0.43 2.99503 8.98085
0.98 0.44 2.99503 8.98122
0.98 0.45 2.99525 8.9831
0.98 0.46 2.99544 8.98492
0.98 0.47 2.99568 8.98713
0.98 0.48 2.99595 8.9897
0.98 0.49 2.99626 8.9926
0.99 0.3 3.00237 9.03641
0.99 0.31 3.00118 9.02699
0.99 0.32 3.00043 9.02035
0.99 0.33 2.99981 9.01482
0.99 0.34 2.99962 9.01195
0.99 0.35 2.9989 9.00647
0.99 0.36 2.99832 9.00202
0.99 0.37 2.99778 8.99809
0.99 0.38 2.99724 8.99441
0.99 0.39 2.9969 8.99211
0.99 0.4 2.99663 8.99039
0.99 0.41 2.99635 8.98874
0.99 0.42 2.99632 8.98882
0.99 0.43 2.99632 8.98918
0.99 0.44 2.99646 8.99055
0.99 0.45 2.99679 8.99318
0.99 0.46 2.99706 8.99564
0.99 0.47 2.99737 8.99842
0.99 0.48 2.99771 9.00155
0.99 0.49 2.99809 9.005
1 0.3 3.00176 9.03166
1 0.31 3.00159 9.0282
1 0.32 3.00137 9.02486
1 0.33 3.00077 9.01959
1 0.34 3.00004 9.01394
1 0.35 2.99962 9.01041
1 0.36 2.99911 9.00657
1 0.37 2.99859 9.00302
1 0.38 2.99829 9.00086
1 0.39 2.99801 8.99907
1 0.4 2.99751 8.99613
1 0.41 2.99749 8.99624
1 0.42 2.99765 8.99758
1 0.43 2.99781 8.99906
1 0.44 2.99801 9.00095
1 0.45 2.99844 9.00434
1 0.46 2.99877 9.00727
1 0.47 2.99914 9.01056
1 0.48 2.99956 9.01427
1 0.49 2.99997 9.01807
1.01 0.3 3.00239 9.03435
1.01 0.31 3.00242 9.03222
1.01 0.32 3.00181 9.02681
1.01 0.33 3.00111 9.02127
1.01 0.34 3.00098 9.01934
1.01 0.35 3.00039 9.01502
1.01 0.36 2.99995 9.01184
1.01 0.37 2.99961 9.00945
1.01 0.38 2.99935 9.00775
1.01 0.39 2.99884 9.00475
1.01 0.4 2.99879 9.00468
1.01 0.41 2.99876 9.00484
1.01 0.42 2.9992 9.00801
1.01 0.43 2.99943 9.01006
1.01 0.44 2.99958 9.0118
1.01 0.45 3.00009 9.01584
1.01 0.46 3.00047 9.01919
1.01 0.47 3.00089 9.02291
1.01 0.48 3.00131 9.02678
1.01 0.49 3.00181 9.03125
1.02 0.3 3.00402 9.04312
1.02 0.31 3.00331 9.03707
1.02 0.32 3.00257 9.03119
1.02 0.33 3.00214 9.02733
1.02 0.34 3.00161 9.02329
1.02 0.35 3.00116 9.02004
1.02 0.36 3.00085 9.01779
1.02 0.37 3.00024 9.01399
1.02 0.38 3.00029 9.01426
1.02 0.39 3.00026 9.01428
1.02 0.4 2.99991 9.0126
1.02 0.41 3.00013 9.01441
1.02 0.42 3.00059 9.01781
1.02 0.43 3.00125 9.02259
1.02 0.44 3.00158 9.02554
1.02 0.45 3.00192 9.02875
1.02 0.46 3.00234 9.03249
1.02 0.47 3.00265 9.03569
1.02 0.48 3.00313 9.04002
1.02 0.49 3.00353 9.044
1.03 0.3 3.00476 9.04726
1.03 0.31 3.00412 9.04185
1.03 0.32 3.00372 9.03815
1.03 0.33 3.00317 9.03384
1.03 0.34 3.00276 9.03075
1.03 0.35 3.00194 9.02552
1.03 0.36 3.00166 9.02358
1.03 0.37 3.0016 9.02318
1.03 0.38 3.00163 9.02356
1.03 0.39 3.0016 9.02374
1.03 0.4 3.00177 9.02524
1.03 0.41 3.00206 9.0277
1.03 0.42 3.00222 9.02949
1.03 0.43 3.00249 9.03204
1.03 0.44 3.00367 9.04021
1.03 0.45 3.00417 9.04446
1.03 0.46 3.00443 9.04738
1.03 0.47 3.00496 9.05208
1.03 0.48 3.00553 9.05709
1.03 0.49 3.00607 9.06204
1.04 0.3 3.0057 9.05289
1.04 0.31 3.00537 9.04949
1.04 0.32 3.0049 9.04568
1.04 0.33 3.00456 9.04295
1.04 0.34 3.0037 9.03737
1.04 0.35 3.0037 9.03708
1.04 0.36 3.00364 9.03663
1.04 0.37 3.00311 9.03361
1.04 0.38 3.00321 9.03461
1.04 0.39 3.0034 9.03621
1.04 0.4 3.00381 9.03937
1.04 0.41 3.00413 9.0421
1.04 0.42 3.00443 9.0449
1.04 0.43 3.00439 9.04578
1.04 0.44 3.00543 9.05326
1.04 0.45 3.00619 9.05919
1.04 0.46 3.0067 9.06375
1.04 0.47 3.00779 9.07186
1.04 0.48 3.00846 9.07756
1.04 0.49 3.00906 9.083
1.05 0.3 3.00717 9.06211
1.05 0.31 3.00668 9.05794
1.05 0.32 3.00567 9.05121
1.05 0.33 3.00575 9.05113
1.05 0.34 3.00563 9.05009
1.05 0.35 3.00559 9.04977
1.05 0.36 3.00535 9.04843
1.05 0.37 3.00517 9.04773
1.05 0.38 3.00556 9.05051
1.05 0.39 3.00576 9.05243
1.05 0.4 3.00582 9.05356
1.05 0.41 3.00615 9.05658
1.05 0.42 3.00637 9.05903
1.05 0.43 3.00681 9.06297
1.05 0.44 3.00752 9.06864
1.05 0.45 3.00866 9.0769
1.05 0.46 3.00931 9.08248
1.05 0.47 3.00995 9.08806
1.05 0.48 3.01077 9.09477
1.05 0.49 3.01248 9.10696
1.06 0.3 3.0089 9.07308
1.06 0.31 3.00773 9.06536
1.06 0.32 3.00763 9.0641
1.06 0.33 3.00752 9.06309
1.06 0.34 3.0075 9.06282
1.06 0.35 3.00751 9.06294
1.06 0.36 3.00768 9.06424
1.06 0.37 3.00791 9.06613
1.06 0.38 3.00748 9.0642
1.06 0.39 3.00779 9.0669
1.06 0.4 3.00815 9.07008
1.06 0.41 3.00843 9.07293
1.06 0.42 3.00884 9.07663
1.06 0.43 3.00936 9.08118
1.06 0.44 3.01047 9.0894
1.06 0.45 3.0116 9.09783
1.06 0.46 3.01268 9.10594
1.06 0.47 3.01371 9.11411
1.06 0.48 3.01441 9.12028
1.06 0.49 3.01471 9.12417
1.07 0.3 3.01038 9.0832
1.07 0.31 3.01009 9.08072
1.07 0.32 3.01001 9.07976
1.07 0.33 3.00959 9.07712
1.07 0.34 3.00966 9.07754
1.07 0.35 3.00957 9.07733
1.07 0.36 3.00984 9.07938
1.07 0.37 3.01015 9.08187
1.07 0.38 3.01053 9.08493
1.07 0.39 3.0104 9.08523
1.07 0.4 3.01076 9.08856
1.07 0.41 3.0116 9.09489
1.07 0.42 3.01224 9.10013
1.07 0.43 3.01322 9.10744
1.07 0.44 3.01394 9.11353
1.07 0.45 3.01532 9.12365
1.07 0.46 3.01676 9.13417
1.07 0.47 3.01712 9.13835
1.07 0.48 3.01802 9.14586
1.07 0.49 3.0188 9.15278
