1 0.6
0.9 0.5
1 0.6
0.9 0.5
1 0.6
0.9 0.5
1 0.6
0.9 0.5
1 0.6
0.9 0.5
1 0.6
0.9 0.5
1 0.6
0.9 0.5
1 0.6
0.9 0.5
1 0.6
0.9 0.5
1 0.6
0.9 0.5
1 0.6
0.9 0.5
1 0.6
0.9 0.5
1 0.6
0.9 0.5
1 0.6
0.9 0.5
1 0.6
0.9 0.5
1 0.6
0.9 0.5
1 0.6
0.9 0.5
1 0.6
0.9 0.5
1 0.6
0.9 0.5
1 0.6
0.9 0.5
1 0.6
0.9 0.5
1 0.6
0.9 0.5
1 0.6
0.9 0.5
1 0.6
0.9 0.5
1 0.6
0.9 0.5
1 0.6
0.9 0.5
1 0.6
0.9 0.5
1 0.6
0.9 0.5
1 0.6
0.9 0.5
1 0.6
0.9 0.5
1 0.6
0.9 0.5
1 0.6
0.9 0.5
1 0.6
0.9 0.5
1 0.6
0.9 0.5
1 0.6
0.9 0.5
1 0.6
0.9 0.5
1 0.6
0.9 0.5
1 0.6
0.9 0.5
1 0.6
0.9 0.5
1 0.6
0.9 0.5
1 0.6
0.9 0.5
1 0.6
0.9 0.5
1 0.6
0.9 0.5
1 0.6
0.9 0.5
1 0.6
0.9 0.5
1 0.6
0.9 0.5
1 0.6
0.9 0.5
1 0.6
0.9 0.5
1 0.6
0.9 0.5
1 0.6
0.9 0.5
1 0.6
0.9 0.5
1 0.6
0.9 0.5
1 0.6
0.9 0.5
1 0.6
0.9 0.5
1 0.6
0.9 0.5
1 0.6
0.9 0.5
1 0.6
0.9 0.5
1 0.6
0.9 0.5
1 0.6
0.9 0.5
1 0.6
0.9 0.5
1 0.6
0.9 0.5
1 0.6
0.9 0.5
1 0.6
0.9 0.5
1 0.6
0.9 0.5
1 0.6
0.9 0.5
1 0.6
0.9 0.5
1 0.6
0.9 0.5
1 0.6
0.9 0.5
1 0.6
0.9 0.5
1 0.6
0.9 0.5
1 0.6
0.9 0.5
1 0.6
0.9 0.5
1 0.6
0.9 0.5
1 0.6
0.9 0.5
1 0.6
0.9 0.5
1 0.6
0.9 0.5
1 0.6
0.9 0.5
1 0.6
0.9 0.5
1 0.6
0.9 0.5
1 0.6
0.9 0.5
1 0.6
0.9 0.5
1 0.6
0.9 0.5
1 0.6
0.9 0.5
1 0.6
0.9 0.5
1 0.6
0.9 0.5
1 0.6
0.9 0.5
1 0.6
0.9 0.5
1 0.6
0.9 0.5
1 0.6
0.9 0.5
1 0.6
0.9 0.5
1 0.6
0.9 0.5
1 0.6
0.9 0.5
1 0.6
0.9 0.5
1 0.6
0.9 0.5
1 0.6
0.9 0.5
1 0.6
0.9 0.5
1 0.6
0.9 0.5
1 0.6
0.9 0.5
1 0.6
0.9 0.5
1 0.6
0.9 0.5
1 0.6
0.9 0.5
1 0.6
0.9 0.5
1 0.6
0.9 0.5
1 0.6
0.9 0.5
1 0.6
0.9 0.5
1 0.6
0.9 0.5
1 0.6
0.9 0.5
1 0.6
0.9 0.5
1 0.6
0.9 0.5
1 0.6
0.9 0.504196
1 0.604196
0.9 0.504196
1 0.604196
0.9 0.504196
1 0.604196
0.9 0.504196
1 0.604196
0.9 0.504196
1 0.604196
0.9 0.504196
1 0.604196
0.9 0.504196
1 0.604196
0.9 0.504196
1 0.604196
0.9 0.504196
1 0.604196
0.9 0.504196
1 0.604196
0.9 0.504196
1 0.604196
0.9 0.504196
1 0.604196
0.9 0.504196
1 0.604196
0.9 0.504196
1 0.604196
0.9 0.504196
1 0.604196
0.9 0.504196
1 0.604196
0.9 0.510644
1 0.610644
0.9 0.515147
1 0.615147
0.9 0.51805
1 0.61805
0.9 0.533942
1 0.633942
0.9 0.539436
1 0.639436
0.9 0.544169
1 0.644169
0.9 0.570383
0.99467 0.670383
0.89467 0.588386
0.99467 0.688386
0.89467 0.588386
0.99467 0.688386
0.89467 0.588386
0.99467 0.688386
0.89467 0.588386
0.99467 0.688386
0.89467 0.588386
0.99467 0.688386
0.89467 0.588386
0.99467 0.688386
0.89467 0.588386
0.99467 0.688386
0.89467 0.588386
0.982965 0.677742
0.882965 0.577742
0.982965 0.677742
0.882965 0.577742
0.98074 0.677742
0.88074 0.577742
0.98074 0.677742
0.88074 0.577742
0.98074 0.677742
0.88074 0.577742
0.974364 0.677742
0.874364 0.577742
0.951787 0.661933
0.851787 0.577861
0.951787 0.677861
0.851787 0.589704
0.951787 0.689704
0.851787 0.59544
0.951787 0.69544
0.851787 0.613646
0.951787 0.711646
0.851787 0.619826
0.951787 0.712982
0.851787 0.624965
0.936321 0.700603
0.836321 0.631626
0.90515 0.691847
0.852473 0.662609
0.890912 0.695086
0.850826 0.67398
0.895928 0.705881
0.850897 0.680036
0.871908 0.696435
0.85495 0.687781
0.86682 0.697726
0.859227 0.69912
0.866132 0.709991
0.86228 0.710891
0.871841 0.721969
0.853288 0.713499
0.873143 0.729799
0.843184 0.717949
0.866753 0.737629
0.831906 0.721861
0.866507 0.74408
0.807532 0.71032
0.892279 0.764582
0.792279 0.694106
0.892279 0.768233
0.792279 0.694451
0.892279 0.764249
0.792279 0.697838
0.892279 0.766854
0.792279 0.706488
0.875217 0.760765
0.790751 0.720912
0.864915 0.766104
0.791275 0.731806
0.846435 0.766492
0.794938 0.742968
0.839158 0.76955
0.798528 0.750752
0.830098 0.767922
0.802017 0.755521
0.817852 0.766754
0.800803 0.76466
0.815506 0.77842
0.802392 0.777126
0.80341 0.780867
0.792879 0.777929
0.792321 0.781155
0.791765 0.779568
0.794498 0.777756
0.803578 0.783283
0.786936 0.776333
0.826142 0.794995
0.784828 0.775548
0.837975 0.800663
0.770372 0.768241
0.84183 0.804799
0.760572 0.767912
0.835923 0.809163
0.753579 0.769453
0.831686 0.810818
0.748392 0.769893
0.830993 0.815298
0.760948 0.782182
0.819511 0.813819
0.780334 0.795459
0.802847 0.807596
0.771912 0.791707
0.796064 0.80506
0.786521 0.800615
0.789217 0.801868
0.795291 0.804678
0.797984 0.804769
0.800373 0.801728
0.8233 0.809106
0.804832 0.795481
0.829489 0.804298
0.808972 0.791036
0.83195 0.797302
0.796162 0.77281
0.845806 0.79413
0.80427 0.771084
0.865978 0.801453
0.781847 0.759578
0.881847 0.818113
0.781847 0.762845
0.869485 0.80783
0.787836 0.768894
0.871005 0.809592
0.797705 0.776559
0.845359 0.800406
0.810068 0.785101
0.825788 0.792253
0.822008 0.789833
0.830377 0.795103
0.804776 0.783853
0.824404 0.79306
0.82088 0.792569
0.829048 0.797797
0.821839 0.795269
0.811895 0.791783
0.829029 0.802704
0.817171 0.796339
0.825997 0.802195
0.805961 0.794135
0.815711 0.801527
0.78381 0.787938
0.822251 0.808996
0.770461 0.785238
0.850642 0.829684
0.750642 0.779046
0.850642 0.849875
0.750642 0.784518
0.850642 0.842147
0.750642 0.778476
0.850642 0.849271
0.750642 0.772935
0.850642 0.842917
0.750642 0.75573
0.850642 0.847724
0.750642 0.77048
0.850642 0.851047
0.750642 0.776716
0.850642 0.864482
0.750642 0.777505
0.850642 0.846448
0.750642 0.757552
0.850642 0.849002
0.750642 0.778565
0.850642 0.848239
0.750642 0.774323
0.850642 0.841837
0.750642 0.779179
0.850642 0.840918
0.750642 0.77859
0.850642 0.846388
0.750642 0.782946
0.850642 0.849929
0.750642 0.78591
0.850642 0.857688
0.750642 0.797053
0.850642 0.864273
0.750642 0.798969
0.850642 0.86219
0.750642 0.798891
0.850642 0.85739
0.750642 0.796664
0.850642 0.852355
0.750642 0.789449
0.850642 0.855239
0.750642 0.790487
0.850642 0.854112
0.750642 0.798031
0.850642 0.869957
0.750642 0.822197
0.850642 0.88133
0.750642 0.838763
0.850642 0.885243
0.750642 0.840831
0.850642 0.880864
0.750642 0.837632
0.833769 0.870444
0.767215 0.839915
0.833207 0.864514
0.763557 0.833241
0.821018 0.854674
0.772074 0.831944
0.798345 0.84148
0.778064 0.831599
0.786479 0.831678
0.783473 0.826855
0.78689 0.825586
0.790205 0.824389
0.790677 0.821218
0.784457 0.813558
0.793619 0.812565
0.792865 0.808165
0.801968 0.807753
0.797174 0.801365
0.79466 0.79476
0.799055 0.79091
0.795398 0.781642
0.797621 0.777985
0.801454 0.775574
0.797846 0.770003
0.799914 0.767075
0.809762 0.770003
0.794245 0.759186
0.80532 0.763256
0.796958 0.757488
0.803378 0.761129
0.814925 0.768121
0.815036 0.768015
0.819388 0.770572
0.807669 0.764681
0.819537 0.773691
0.813344 0.771267
0.813996 0.772355
0.828459 0.779764
0.813146 0.770405
0.823109 0.775119
0.816296 0.770709
0.819161 0.771685
0.813421 0.767538
0.816348 0.769206
0.814299 0.768181
0.820117 0.771548
0.815623 0.768606
0.808405 0.764578
0.824421 0.773579
0.826472 0.773823
0.831248 0.775216
0.834155 0.775457
0.834074 0.774826
0.829674 0.772574
0.825843 0.769841
0.815617 0.763819
0.813524 0.761016
0.817224 0.7617
0.822973 0.763318
0.814303 0.759298
0.814367 0.76008
0.816774 0.763659
0.819224 0.767007
0.817348 0.767903
0.824923 0.774853
0.81567 0.771876
0.824056 0.777969
0.823272 0.781545
0.817954 0.780409
0.821799 0.784653
0.820173 0.786403
0.828482 0.792609
0.816683 0.788483
0.826285 0.79522
0.823584 0.795636
0.819586 0.794924
0.814333 0.793454
0.81068 0.792598
0.81142 0.793092
0.815442 0.794433
0.805713 0.788255
0.804903 0.786188
0.809673 0.787117
0.803307 0.782722
0.802401 0.780218
0.806507 0.779293
0.80668 0.777352
0.810371 0.77509
0.806515 0.770039
0.813692 0.77082
0.796927 0.759025
0.810932 0.763314
0.82323 0.766426
0.822431 0.762363
0.822779 0.758331
0.838801 0.765769
0.835284 0.762354
0.830961 0.759318
0.832292 0.758152
0.821188 0.751601
0.835845 0.758214
0.831222 0.754696
0.826021 0.750277
0.817932 0.743592
0.822266 0.743398
0.830212 0.746387
0.816862 0.738248
0.824586 0.743125
0.821168 0.742266
0.819874 0.741899
0.810537 0.737754
0.80606 0.736909
0.821859 0.747377
0.809913 0.741381
0.818761 0.748255
0.814197 0.746979
0.824261 0.752818
0.814987 0.748881
0.822609 0.753786
0.817535 0.752026
0.818564 0.755105
0.813407 0.753751
0.808283 0.750825
0.816221 0.754872
0.803087 0.748443
0.816852 0.756038
0.813233 0.755297
0.814986 0.757189
0.804786 0.751978
0.811517 0.756877
0.80825 0.755588
0.815851 0.759814
0.813133 0.757917
0.811177 0.755714
0.821176 0.760471
0.823113 0.761795
0.811092 0.755648
0.820765 0.760771
0.816399 0.757796
0.81533 0.755734
0.802493 0.748086
0.807741 0.750202
0.808828 0.749694
0.818546 0.755087
0.809097 0.749577
0.81506 0.752958
0.821655 0.756925
0.81896 0.755221
0.812775 0.752341
0.832668 0.763774
0.812285 0.753891
0.826885 0.762575
0.815372 0.757809
0.820479 0.762152
0.810297 0.758375
0.825989 0.769032
0.817521 0.766085
0.812347 0.763699
0.803992 0.758841
0.814689 0.764627
0.811003 0.762545
0.819289 0.766628
0.816856 0.764451
0.814642 0.762175
0.821354 0.763618
0.811357 0.756984
0.823513 0.762611
0.824104 0.760571
0.819832 0.757166
0.818367 0.756327
0.8334 0.765334
0.833902 0.767186
0.826442 0.765454
0.824887 0.765195
0.817342 0.759977
0.819751 0.760385
0.816843 0.759093
0.833254 0.768472
0.828359 0.76554
0.82501 0.762227
0.824014 0.760556
0.822575 0.758523
0.825264 0.759824
0.82963 0.762054
0.82735 0.761857
0.821994 0.761804
0.819676 0.763317
0.817357 0.76495
0.815387 0.766962
0.813757 0.767924
0.813336 0.768907
0.817477 0.771051
0.82195 0.77216
0.817455 0.769638
0.816839 0.767607
0.819531 0.766923
0.815692 0.762804
0.815158 0.761321
0.829297 0.767789
0.823436 0.763299
0.826406 0.765059
0.810925 0.756482
0.814397 0.75755
0.816616 0.758233
0.81616 0.758084
0.819091 0.759814
0.821999 0.759848
0.830162 0.763645
0.829189 0.763047
0.818519 0.757402
0.818987 0.758413
0.827296 0.763419
0.828824 0.765208
0.821464 0.761483
0.821838 0.757901
0.827719 0.758974
0.808131 0.747871
0.810344 0.748262
0.802041 0.742479
0.805984 0.743558
0.805017 0.741655
0.818398 0.746572
0.826716 0.748127
0.826067 0.744539
0.833857 0.747062
0.83581 0.746123
0.834422 0.743384
0.831985 0.73989
0.835597 0.739979
0.838229 0.739219
0.83864 0.739268
0.83907 0.739456
0.827184 0.733402
0.823688 0.731262
0.816487 0.727346
0.815788 0.725791
0.818303 0.725202
0.826608 0.728243
0.825329 0.724574
0.830808 0.725458
0.826856 0.721074
0.830113 0.721207
0.830239 0.719379
0.83367 0.719297
0.838292 0.720568
0.842649 0.722382
0.842655 0.721231
0.836845 0.71584
0.840513 0.716488
0.842829 0.715499
0.843556 0.713046
0.850347 0.713447
0.849874 0.710177
0.853792 0.709697
0.869417 0.715915
0.86391 0.709634
0.859864 0.704294
0.85354 0.698915
0.864517 0.703857
0.851502 0.694798
0.848783 0.692315
0.850008 0.69154
0.849231 0.689759
0.854392 0.691435
0.852762 0.689095
0.855352 0.691615
0.861462 0.69616
0.861674 0.697488
0.857028 0.696519
0.860818 0.70045
0.857381 0.701516
0.854721 0.700531
0.850361 0.697725
0.849954 0.696484
0.858048 0.703794
0.860687 0.707673
0.857492 0.705798
0.853503 0.706001
0.851974 0.707245
0.850717 0.704335
0.854451 0.705109
0.851979 0.702375
0.85397 0.702658
0.855499 0.703487
0.862573 0.708337
0.861959 0.707827
0.860148 0.707228
0.859325 0.707148
0.857632 0.707955
0.85715 0.710605
0.85531 0.712559
0.859115 0.71701
0.861243 0.719863
0.856984 0.719058
0.853701 0.719848
0.859407 0.724414
0.860212 0.72691
0.854509 0.726079
0.855433 0.728327
0.848975 0.727303
0.843841 0.726825
0.841854 0.727876
0.838406 0.728795
0.842346 0.73311
0.8465 0.736368
0.837069 0.731403
0.838929 0.733935
0.844981 0.736971
0.846333 0.738827
0.844562 0.736696
0.841232 0.735083
0.840593 0.733886
0.843912 0.734439
0.84621 0.734905
0.855458 0.739854
0.842118 0.73137
0.847664 0.735502
0.848997 0.738293
0.839817 0.735515
0.842538 0.738576
0.833488 0.733875
0.843536 0.740078
0.837174 0.737729
0.840475 0.742458
0.843932 0.748187
0.837326 0.745906
0.842176 0.751025
0.839234 0.752062
0.844948 0.758028
0.836705 0.755614
0.841533 0.759777
0.831384 0.754833
0.823743 0.749532
0.836025 0.757799
0.833522 0.757934
0.833493 0.759039
0.831066 0.759167
0.832899 0.761082
0.830631 0.759739
0.826896 0.757934
0.8297 0.758761
0.833788 0.760165
0.831956 0.758211
0.82389 0.75351
0.822064 0.752612
0.832273 0.756998
0.82516 0.75162
0.830647 0.751543
0.834037 0.750801
0.841009 0.753151
0.840884 0.751696
0.846243 0.752313
0.838376 0.745973
0.848082 0.750035
0.857328 0.754803
0.851233 0.750924
0.860171 0.756091
0.851614 0.751042
0.855078 0.751024
0.848808 0.746694
0.838237 0.739065
0.834388 0.736008
0.841235 0.73923
0.841842 0.738652
0.843871 0.739056
0.840886 0.736111
0.850791 0.741237
0.839059 0.733485
0.856035 0.742665
0.832849 0.727916
0.857422 0.741806
0.833288 0.726638
0.854938 0.738133
0.837439 0.726474
0.85399 0.735392
0.83679 0.725253
0.838023 0.726879
0.833368 0.724483
0.830425 0.722417
0.828775 0.721358
0.829511 0.72309
0.831276 0.726498
0.840854 0.735342
0.836017 0.734329
0.82976 0.731435
0.842144 0.739907
0.839477 0.738796
0.836038 0.738408
0.834464 0.74061
0.829832 0.740516
0.835844 0.745775
0.835346 0.746721
0.840811 0.752161
0.838997 0.753491
0.840053 0.756542
0.834185 0.755394
0.831469 0.756708
0.84223 0.76536
0.819393 0.754795
0.82553 0.760389
0.811988 0.754544
0.815341 0.758287
0.821817 0.76332
0.814481 0.760896
0.824618 0.768571
0.81533 0.76594
0.819568 0.770722
0.817945 0.77181
0.821311 0.775147
0.816228 0.775023
0.809538 0.773437
0.81144 0.77524
0.812402 0.775694
0.80717 0.771424
0.815916 0.77383
0.815683 0.772598
0.817002 0.772743
0.815376 0.772835
0.816406 0.774122
0.818134 0.775614
0.816219 0.775077
0.814614 0.773998
0.81535 0.775149
0.815694 0.776205
0.817421 0.777329
0.818293 0.778281
0.815528 0.77797
0.812576 0.777238
0.809994 0.776938
0.803561 0.773207
0.801616 0.773228
0.80586 0.775693
0.804118 0.774812
0.80893 0.778412
0.806008 0.778561
0.809913 0.780919
0.815036 0.784797
0.808484 0.782233
0.810524 0.783697
0.812302 0.785287
0.814989 0.787181
0.81498 0.788213
0.809663 0.785997
0.811688 0.787512
0.818821 0.792752
0.82373 0.796019
0.824398 0.79658
0.822601 0.795337
0.824196 0.796638
0.824798 0.797938
0.813948 0.79346
0.818727 0.797142
0.809523 0.792963
0.826571 0.801168
0.814725 0.796009
0.811213 0.79457
0.809361 0.795421
0.810417 0.797185
0.803603 0.794597
0.810066 0.797238
0.799039 0.79065
0.803215 0.791521
0.812249 0.794692
0.81232 0.792541
0.813961 0.791205
0.810558 0.787546
0.803575 0.78236
0.811733 0.784534
0.81528 0.785597
0.808665 0.782059
0.806084 0.780537
0.803646 0.779706
0.805065 0.781295
0.807267 0.782981
0.812874 0.786823
0.803885 0.783129
0.803736 0.783936
0.791482 0.779034
0.800932 0.785288
0.793659 0.782565
0.806111 0.789891
0.806045 0.789669
0.803459 0.787996
0.804848 0.788186
0.806536 0.787888
0.812111 0.789531
0.815479 0.789953
0.808751 0.785239
0.798643 0.779466
0.801157 0.780266
0.803547 0.779336
0.80084 0.775612
0.803842 0.773384
0.81888 0.777518
0.811197 0.770628
0.817825 0.77226
0.826055 0.774792
0.826264 0.773742
0.829054 0.772804
0.823879 0.767233
0.823844 0.766249
0.827902 0.767581
0.835084 0.76953
0.833794 0.76687
0.836972 0.767633
0.83547 0.766342
0.83345 0.7645
0.82851 0.761384
0.82835 0.760062
0.831839 0.761988
0.837957 0.765215
0.823114 0.756928
0.838047 0.764335
0.825624 0.756865
0.832376 0.760037
0.833055 0.760507
0.828774 0.758581
0.826792 0.756984
0.826341 0.756734
0.816262 0.751965
0.826526 0.757303
0.822854 0.755711
0.818353 0.752801
0.819827 0.753595
0.826079 0.757298
0.817269 0.753277
0.820892 0.754795
0.829336 0.758972
0.826565 0.756784
0.828614 0.757762
0.822831 0.754991
0.834707 0.761707
0.827195 0.758465
0.8375 0.764264
0.841885 0.766429
0.833767 0.762131
0.829475 0.758025
0.833531 0.757848
0.831956 0.753331
0.837159 0.753176
0.838702 0.750523
0.843845 0.749679
0.8342 0.741889
0.835943 0.741384
0.830991 0.737788
0.837759 0.739801
0.84211 0.740853
0.839431 0.73699
0.848649 0.740063
0.848654 0.737666
0.84032 0.730826
0.838086 0.725846
0.83694 0.7217
0.841037 0.723007
0.839163 0.721297
0.842234 0.721593
0.840188 0.71889
0.839915 0.717549
0.843599 0.719394
0.846903 0.721576
0.843445 0.720646
0.832433 0.715144
0.825803 0.712928
0.82881 0.717702
0.830309 0.719974
0.830117 0.721447
0.828896 0.722272
0.827867 0.722559
0.824714 0.722084
0.82631 0.724721
0.829101 0.728853
0.830808 0.732607
0.825262 0.733407
0.8269 0.737185
0.83002 0.742019
0.822396 0.741525
0.826964 0.746538
0.829555 0.75026
0.828182 0.751424
0.820325 0.7483
0.81944 0.748748
0.823556 0.752364
0.827757 0.756038
0.823552 0.754396
0.825823 0.755407
0.819988 0.752413
0.817981 0.752161
0.818423 0.753019
0.813998 0.751266
0.812686 0.751773
0.811649 0.752669
0.81107 0.752583
0.820882 0.757703
0.8289 0.761928
0.820766 0.757024
0.826753 0.76136
0.821083 0.758216
0.818641 0.75665
0.821826 0.758576
0.817796 0.756736
0.811233 0.753766
0.806779 0.752496
0.807185 0.753659
0.805058 0.752902
0.812851 0.758042
0.811502 0.758072
0.817651 0.760642
0.807756 0.755565
0.810001 0.757714
0.809735 0.758517
0.80818 0.759894
0.811685 0.764002
0.806896 0.763394
0.812032 0.768219
0.803105 0.76632
0.803863 0.769356
0.79894 0.768145
0.792617 0.76612
0.805732 0.774385
0.807713 0.776147
0.806758 0.777053
0.80883 0.780164
0.814841 0.784408
0.812832 0.784262
0.809247 0.782323
0.808301 0.781789
0.797528 0.775819
0.801309 0.777752
0.798808 0.775731
0.788265 0.770039
0.792044 0.771749
0.79382 0.772114
0.794346 0.771968
0.790561 0.770431
0.79168 0.771262
0.798524 0.774627
0.799339 0.774158
0.801138 0.77463
0.808337 0.777456
0.803938 0.774408
0.801905 0.773603
0.801925 0.774191
0.801703 0.774307
0.810991 0.778412
0.81309 0.779005
0.810697 0.776936
0.811892 0.776351
0.815453 0.777278
0.827736 0.782373
0.82911 0.782144
0.823442 0.778762
0.817398 0.774654
0.808932 0.770556
0.806 0.768565
0.805074 0.768106
0.81166 0.77185
0.808397 0.770273
0.809004 0.770895
0.810925 0.771363
0.816782 0.774167
0.816283 0.774509
0.828623 0.781035
0.830049 0.782273
0.829786 0.782969
0.812074 0.775102
0.815126 0.777211
0.813231 0.777589
0.812733 0.779024
0.808303 0.777218
0.805797 0.775859
0.810761 0.778191
0.806917 0.776523
0.81756 0.781737
0.80813 0.775665
0.803686 0.770644
0.807588 0.77045
0.805979 0.77045
0.803596 0.769867
0.807982 0.77402
0.790916 0.769126
0.792198 0.771367
0.792914 0.774087
0.795916 0.778115
0.800407 0.781712
0.801562 0.783544
0.801686 0.7848
0.806553 0.788401
0.819826 0.796759
0.820679 0.798982
0.818003 0.798949
0.805891 0.794662
0.806599 0.79572
0.808163 0.796134
0.811959 0.796225
0.811869 0.794691
0.823762 0.799221
0.817734 0.796599
0.816956 0.794599
0.821323 0.795036
0.819938 0.792878
0.819061 0.792582
0.825619 0.795101
0.827498 0.796319
0.836997 0.801322
0.833746 0.800271
0.830493 0.798882
0.828555 0.79788
0.829806 0.797329
0.823849 0.791871
0.81495 0.786481
0.807378 0.781445
0.806968 0.779095
0.812735 0.779924
0.811196 0.77773
0.812311 0.776541
0.810817 0.775133
0.817194 0.776877
0.821892 0.777382
0.825913 0.777112
0.823653 0.772998
0.826203 0.772168
0.82559 0.769941
0.824225 0.765293
0.827741 0.763941
0.833535 0.76374
0.844032 0.76591
0.845998 0.76423
0.844694 0.762468
0.841054 0.759078
0.836296 0.755031
0.840218 0.755667
0.847304 0.757966
0.848592 0.757838
0.849441 0.757364
0.848451 0.756066
0.854106 0.758271
0.850669 0.756036
0.848581 0.754508
0.848624 0.754219
0.846444 0.75244
0.849911 0.752885
0.855523 0.754064
0.853441 0.750273
0.850856 0.746128
0.857912 0.746764
0.863164 0.747209
0.864429 0.745103
0.861269 0.740922
0.863229 0.739392
0.864871 0.738657
0.862319 0.735106
0.860781 0.732537
0.864758 0.733705
0.859929 0.730955
0.86156 0.732716
0.850892 0.727296
0.851242 0.729331
0.846167 0.726871
0.848505 0.729167
0.854973 0.732738
0.855481 0.732287
0.857603 0.733109
0.864697 0.736378
0.862981 0.734128
0.863291 0.734357
0.86322 0.734494
0.863967 0.735053
0.857997 0.732844
0.861977 0.735003
0.86293 0.735898
0.853266 0.731201
0.844457 0.727007
0.844113 0.726839
0.846736 0.727448
0.846644 0.72631
0.847639 0.726229
0.846217 0.724523
0.842554 0.722007
0.839277 0.719993
0.84141 0.721484
0.841201 0.721053
0.83767 0.719066
0.838158 0.719338
0.841104 0.721444
0.844403 0.722452
0.84601 0.72447
0.847683 0.725742
0.849522 0.727792
0.848353 0.729372
0.846307 0.729195
0.842365 0.728691
0.840366 0.729798
0.843808 0.733674
0.844522 0.734775
0.84819 0.73769
0.843766 0.736846
0.842463 0.73818
0.8405 0.7382
0.839464 0.738633
0.834828 0.736421
0.831849 0.737353
0.83002 0.738251
0.825566 0.737386
0.828865 0.740313
0.835475 0.744956
0.838604 0.748112
0.840518 0.74957
0.838056 0.748445
0.838234 0.749424
0.833553 0.746721
0.834826 0.747652
0.841728 0.752023
0.840215 0.752031
0.832874 0.748778
0.837321 0.752156
0.83956 0.75369
0.832747 0.749722
0.837344 0.752193
0.827482 0.746258
0.833902 0.750396
0.832105 0.74947
0.837475 0.753663
0.829703 0.749158
0.839991 0.754465
0.838876 0.753624
0.834055 0.75012
0.830833 0.748041
0.832986 0.750368
0.830324 0.749176
0.832572 0.750964
0.831382 0.749309
0.831601 0.74935
0.832724 0.75011
0.837506 0.753766
0.832937 0.751388
0.836789 0.752966
0.839166 0.753797
0.841811 0.755267
0.848228 0.757683
0.844025 0.754047
0.844243 0.753203
0.844918 0.753245
0.850071 0.755783
0.85038 0.755851
0.846542 0.75385
0.847918 0.755737
0.853442 0.759505
0.852469 0.75878
0.851921 0.758847
0.854481 0.759793
0.852054 0.757793
0.856801 0.759246
0.855034 0.756579
0.852212 0.755018
0.856801 0.757544
0.838707 0.748297
0.839373 0.749224
0.841054 0.751695
0.848586 0.757341
0.82944 0.745914
0.851094 0.757221
0.838352 0.747919
0.840192 0.747013
0.846577 0.747776
0.838421 0.740552
0.836582 0.738134
0.848532 0.743133
0.833895 0.733088
0.843433 0.737431
0.835756 0.730914
0.84293 0.735115
0.835276 0.730509
0.839013 0.73322
0.845383 0.737186
0.83766 0.73178
0.846229 0.736568
0.84513 0.736756
0.840997 0.734781
0.83906 0.735055
0.836208 0.735243
0.835184 0.735782
0.838516 0.738425
0.840547 0.741194
0.840595 0.742628
0.841319 0.744267
0.839678 0.744721
0.841576 0.747022
0.845181 0.750272
0.842326 0.749468
0.838425 0.74775
0.845383 0.751596
0.840666 0.747526
0.833461 0.742247
0.831127 0.738791
0.838536 0.74166
0.832546 0.736069
0.825527 0.72948
0.828339 0.730788
0.828111 0.730523
0.820761 0.725373
0.824838 0.727356
0.828774 0.730163
0.827796 0.729964
0.828702 0.73091
0.82685 0.7304
0.827248 0.731102
0.835234 0.737936
0.835568 0.738995
0.835409 0.739572
0.832727 0.738489
0.826968 0.735741
0.833471 0.740932
0.833439 0.741789
0.82605 0.737839
0.825629 0.738077
0.81785 0.7329
0.839683 0.747831
0.840531 0.749858
0.831438 0.74506
0.837809 0.747812
0.842467 0.750258
0.84427 0.752002
0.84266 0.75079
0.839117 0.750399
0.849841 0.757435
0.848066 0.757381
0.848631 0.758767
0.855945 0.762307
0.853851 0.760385
0.846842 0.756192
0.849412 0.758577
0.849568 0.759379
0.851465 0.761129
0.841238 0.756212
0.838872 0.754452
0.838035 0.752656
0.836814 0.750287
0.839834 0.750257
0.835217 0.745737
0.841885 0.747445
0.831858 0.739488
0.835887 0.739969
0.83237 0.736379
0.833992 0.736742
0.833931 0.736945
0.828398 0.733677
0.827564 0.733311
0.83087 0.735104
0.834499 0.737465
0.840404 0.740576
0.84204 0.741744
0.842751 0.741726
0.852026 0.746356
0.848597 0.744354
0.840434 0.738941
0.840069 0.738957
0.846214 0.743497
0.843411 0.742687
0.846484 0.745018
0.841633 0.743662
0.841183 0.745262
0.845782 0.749464
0.841956 0.749177
0.836337 0.748186
0.832223 0.747592
0.818856 0.74145
0.826694 0.747391
0.815246 0.742349
0.814461 0.744059
0.818016 0.746973
0.825027 0.752163
0.828176 0.75488
0.824925 0.752667
0.828554 0.7559
0.829765 0.757161
0.831838 0.758782
0.833663 0.759907
0.832696 0.759216
0.837856 0.761642
0.841157 0.763518
0.835771 0.762953
0.83263 0.761816
0.824735 0.758782
0.823969 0.759048
0.829168 0.762843
0.834609 0.766583
0.826147 0.762141
0.834597 0.767782
0.839666 0.771629
0.835931 0.770622
0.842888 0.774579
0.839961 0.773383
0.838222 0.772743
0.841228 0.774267
0.839521 0.773839
0.841896 0.776024
0.827829 0.768921
0.837472 0.773738
0.832861 0.771568
0.837421 0.77482
0.830712 0.771461
0.837485 0.775939
0.824021 0.769491
0.826986 0.772311
0.821769 0.770792
0.816205 0.769005
0.813788 0.768967
0.815114 0.768382
0.820338 0.769622
0.821668 0.76958
0.823621 0.769322
0.822402 0.769336
0.813703 0.764424
0.818921 0.767364
0.823173 0.770247
0.818607 0.76752
0.813723 0.764467
0.816428 0.766051
0.823805 0.770497
0.818749 0.767375
0.823382 0.76999
0.81753 0.766939
0.817326 0.766137
0.82244 0.769066
0.814304 0.76481
0.8117 0.762741
0.815475 0.764894
0.808538 0.761396
0.808966 0.762013
0.809468 0.762479
0.809342 0.763051
0.816074 0.767298
0.817678 0.768199
0.811255 0.765556
0.809927 0.765681
0.817259 0.770037
0.814194 0.768863
0.814815 0.769638
0.818513 0.771659
0.81896 0.771406
0.821796 0.771695
0.822162 0.770411
0.818932 0.767497
0.824019 0.767571
0.827256 0.767294
0.827465 0.765856
0.825984 0.762994
0.821251 0.758596
0.826821 0.760117
0.823907 0.757454
0.821347 0.75444
0.820202 0.752389
0.815492 0.747689
0.82294 0.751116
0.822611 0.749269
0.832053 0.752749
0.835415 0.752872
0.837092 0.752869
0.832592 0.750489
0.832095 0.749933
0.841822 0.755697
0.84287 0.757189
0.837247 0.754839
0.837904 0.75569
0.828824 0.751787
0.824418 0.749178
0.826678 0.751029
0.821626 0.748608
0.826793 0.750998
0.826683 0.74974
0.822603 0.746395
0.818326 0.742927
0.828602 0.747683
0.827904 0.746859
0.824858 0.744773
0.831302 0.748349
0.828229 0.747137
0.829641 0.74795
0.834716 0.750827
0.833027 0.749958
0.831919 0.749563
0.832225 0.749255
0.831722 0.74788
0.831443 0.747585
0.828279 0.746792
0.828492 0.747302
0.827985 0.746262
0.824202 0.743492
0.815208 0.7376
0.813204 0.735779
0.813767 0.735467
0.80898 0.73237
0.805366 0.729763
0.8076 0.731255
0.808582 0.732436
0.812643 0.734599
0.812818 0.733565
0.819441 0.736694
0.826751 0.739971
0.824544 0.738016
0.829989 0.741221
0.830675 0.741777
0.835118 0.74467
0.836073 0.746354
0.835174 0.746894
0.833708 0.747578
0.832927 0.748076
0.838055 0.75138
0.839465 0.752029
0.832498 0.748358
0.837789 0.751306
0.836012 0.750103
0.836354 0.750798
0.836524 0.750732
0.837401 0.750941
0.833291 0.747871
0.836468 0.749129
0.842331 0.752355
0.840545 0.75014
0.829294 0.741165
0.823061 0.735284
0.829657 0.737837
0.828241 0.734954
0.831681 0.735474
0.836044 0.736886
0.843241 0.740491
0.84374 0.740123
0.844771 0.740652
0.845406 0.740619
0.847813 0.741666
0.846998 0.740443
0.845543 0.738914
0.847548 0.738212
0.848754 0.737347
0.851766 0.737707
0.85517 0.739262
0.852551 0.737657
0.851711 0.736146
0.851622 0.734743
0.848203 0.731595
0.848108 0.731189
0.850074 0.731483
0.848338 0.729386
0.846883 0.728325
0.853808 0.731616
0.849066 0.729014
0.855442 0.732563
0.85628 0.733204
0.846469 0.727356
0.851059 0.728925
0.849371 0.727274
0.854671 0.729399
0.854168 0.72754
0.853736 0.726272
0.854954 0.726767
0.852829 0.724366
0.847285 0.720112
0.84604 0.718113
0.854129 0.721244
0.859435 0.722509
0.853063 0.716612
0.857263 0.718423
0.857257 0.716343
0.856823 0.715483
0.85703 0.715441
0.845239 0.709599
0.851359 0.715257
0.843393 0.712078
0.850782 0.717477
0.842994 0.713332
0.851434 0.718957
0.851711 0.718491
0.847259 0.714535
0.844226 0.710978
0.845577 0.709903
0.851274 0.712308
0.852483 0.712008
0.850661 0.710129
0.850419 0.709737
0.84635 0.7087
0.852509 0.71339
0.853637 0.714238
0.853655 0.714128
0.849285 0.711454
0.844588 0.70817
0.852761 0.711973
0.854806 0.711677
0.852779 0.709875
0.856534 0.712593
0.853855 0.712409
0.845447 0.707535
0.847547 0.709253
0.848123 0.710517
0.847783 0.711256
0.846858 0.710992
0.840614 0.70708
0.841251 0.707076
0.847791 0.71066
0.845994 0.709505
0.84445 0.709631
0.839603 0.708844
0.849789 0.717741
0.85403 0.722005
0.844556 0.718191
0.847287 0.721377
0.846886 0.722778
0.84675 0.722967
0.841078 0.717563
0.840116 0.715529
0.838501 0.712031
0.849117 0.718322
0.843489 0.71291
0.844716 0.71304
0.844158 0.712079
0.849249 0.714973
0.845842 0.71254
0.837152 0.704993
0.842297 0.707637
0.840427 0.705226
0.849206 0.710199
0.852905 0.710899
0.855108 0.710599
0.854637 0.708052
0.843838 0.698497
0.847117 0.699696
0.850978 0.700757
0.852703 0.701221
0.853481 0.702026
0.861297 0.706668
0.86157 0.705744
0.860776 0.705459
0.865787 0.709012
0.864369 0.70759
0.868321 0.709128
0.860412 0.703955
0.855225 0.700532
0.855446 0.699753
0.854902 0.699668
0.860449 0.703686
0.871053 0.710551
0.864384 0.707835
0.859852 0.706287
0.862963 0.710047
0.858459 0.708972
0.859783 0.711106
0.856862 0.711716
0.859648 0.716524
0.853286 0.714273
0.855142 0.716012
0.850956 0.71333
0.856702 0.716531
0.852686 0.714498
0.856323 0.717239
0.849439 0.713544
0.855777 0.717216
0.853048 0.715794
0.847986 0.711818
0.851249 0.714419
0.854477 0.716555
0.851407 0.714696
0.85394 0.716601
0.855099 0.71781
0.856789 0.719959
0.854882 0.720217
0.85339 0.72064
0.85745 0.724083
0.859045 0.725609
0.852926 0.722462
0.850891 0.721691
0.84848 0.720496
0.845496 0.718037
0.848643 0.719693
0.844337 0.716976
0.847438 0.718391
0.842435 0.714678
0.849903 0.718729
0.846054 0.715319
0.854544 0.720569
0.849437 0.7174
0.851019 0.718667
0.846879 0.716167
0.844051 0.714729
0.843401 0.714783
0.846838 0.717852
0.845893 0.717851
0.844203 0.717271
0.847283 0.720255
0.847337 0.721266
0.852931 0.725451
0.851419 0.725528
0.844203 0.722217
0.847404 0.724763
0.848094 0.726546
0.843023 0.724049
0.839006 0.721554
0.839142 0.721346
0.834945 0.719441
0.833513 0.719538
0.833085 0.719071
0.83546 0.720249
0.836939 0.721525
0.833233 0.718442
0.831845 0.71659
0.830152 0.71523
0.831824 0.715978
0.833207 0.716813
0.84138 0.722135
0.842106 0.723826
0.842543 0.725367
0.840766 0.724078
0.836042 0.721049
0.837909 0.722232
0.839488 0.722019
0.845368 0.723078
0.847996 0.723783
0.847674 0.721141
0.849794 0.719754
0.848661 0.716503
0.852411 0.717368
0.855833 0.718106
0.853135 0.716242
0.853008 0.715659
0.856116 0.717372
0.85859 0.718256
0.859858 0.718297
0.85476 0.714149
0.855651 0.713422
0.852005 0.710002
0.849444 0.708175
0.851693 0.708897
0.852447 0.709352
0.852183 0.708388
0.853212 0.708457
0.855015 0.709455
0.855348 0.70972
0.853245 0.707637
0.857344 0.709401
0.856579 0.708507
0.857196 0.708199
0.859642 0.709598
0.859035 0.708681
0.865028 0.712589
0.854927 0.707526
0.85521 0.708694
0.862029 0.713524
0.865907 0.717608
0.867451 0.719957
0.858177 0.716421
0.852599 0.715231
0.850832 0.715544
0.844863 0.713027
0.844487 0.713106
0.848776 0.716096
0.847561 0.715079
0.850259 0.717565
0.854065 0.719742
0.85467 0.719199
0.846299 0.71257
0.845575 0.711549
0.847772 0.71188
0.846452 0.710819
0.845748 0.710081
0.846743 0.711216
0.84916 0.713744
0.84636 0.712353
0.850679 0.715546
0.855651 0.71884
0.859479 0.72187
0.854265 0.719442
0.847862 0.715432
0.84751 0.715882
0.847687 0.716471
0.851312 0.7196
0.853778 0.721136
0.851285 0.71977
0.848951 0.717733
0.848974 0.718138
0.850162 0.718047
0.84987 0.717621
0.84849 0.716261
0.856293 0.720948
0.853047 0.71902
0.851441 0.718574
0.846864 0.716176
0.848973 0.718524
0.850148 0.72014
0.848149 0.719747
0.857183 0.725707
0.85579 0.725376
0.851565 0.721997
0.856665 0.724642
0.864623 0.727881
0.864401 0.72659
0.863063 0.725233
0.858836 0.72301
0.850401 0.717192
0.850515 0.716663
0.850707 0.715912
0.854407 0.719317
0.85572 0.721117
0.850359 0.717807
0.851351 0.717689
0.860288 0.722453
0.854994 0.719074
0.854717 0.718451
0.850811 0.716173
0.849497 0.713686
0.844973 0.710888
0.840019 0.708184
0.837601 0.708667
0.838963 0.711643
0.839087 0.712602
0.843394 0.716111
0.846408 0.718671
0.84816 0.72005
0.845776 0.719328
0.853885 0.724125
0.848258 0.721294
0.847599 0.721093
0.850704 0.722268
0.857767 0.725426
0.860585 0.725076
0.859089 0.723136
0.855744 0.720025
0.853298 0.717798
0.851249 0.715648
0.851019 0.715178
0.849119 0.713949
0.850586 0.714068
0.85139 0.714249
0.851553 0.714518
0.846183 0.711369
0.843712 0.710647
0.848832 0.715313
0.847111 0.715509
0.848407 0.718093
0.848917 0.719224
0.852716 0.722204
0.855034 0.724472
0.855592 0.725684
0.854452 0.725322
0.852111 0.724389
0.852875 0.725494
0.856874 0.728452
0.85367 0.726103
0.852486 0.72458
0.851444 0.723025
0.85236 0.72197
0.858028 0.724253
0.855212 0.721755
0.854506 0.720249
0.85372 0.718947
0.856012 0.720893
0.852791 0.719636
0.850621 0.719228
0.850704 0.719835
0.851958 0.720191
0.851373 0.719779
0.854534 0.721349
0.855393 0.721358
0.852879 0.719222
0.84897 0.716002
0.852496 0.71679
0.853693 0.717519
0.845864 0.713332
0.845331 0.712924
0.849576 0.715946
0.854205 0.718626
0.849193 0.714724
0.849894 0.714705
0.853576 0.715914
0.857226 0.717059
0.852033 0.713413
0.845249 0.708644
0.844226 0.708199
0.849216 0.710483
0.848605 0.709172
0.847042 0.70666
0.848898 0.706205
0.846621 0.703297
0.850539 0.703735
0.856968 0.705609
0.860993 0.705678
0.856235 0.701623
0.855303 0.699651
0.851748 0.695148
0.857305 0.696118
0.856759 0.693137
0.861605 0.693882
0.862136 0.692068
0.865186 0.691256
0.86727 0.690107
0.86445 0.686966
0.860584 0.683099
0.859616 0.682249
0.860295 0.682808
0.8607 0.682779
0.859313 0.681215
0.864204 0.685046
0.866315 0.687289
0.864083 0.686464
0.857945 0.682308
0.847672 0.674966
0.855615 0.67992
0.858534 0.682066
0.858959 0.682895
0.862003 0.685944
0.869503 0.692023
0.868802 0.691782
0.866726 0.690482
0.868288 0.691836
0.869368 0.69274
0.870505 0.69335
0.866454 0.691013
0.86492 0.690207
0.859559 0.687748
0.855827 0.687365
0.855148 0.689096
0.85692 0.691435
0.861404 0.695228
0.860561 0.696365
0.863906 0.700619
0.859781 0.700339
0.861084 0.702328
0.859599 0.701665
0.852698 0.698044
0.853046 0.698363
0.853988 0.698068
0.852924 0.696467
0.851668 0.69494
0.856819 0.696866
0.860411 0.698651
0.859995 0.697482
0.858859 0.695627
0.857132 0.693976
0.857549 0.693779
0.863646 0.697851
0.864155 0.69797
0.865082 0.697853
0.861616 0.694857
0.861926 0.694106
0.864246 0.695337
0.864094 0.694786
0.860207 0.6923
0.857311 0.690389
0.860411 0.692899
0.864481 0.695682
0.864878 0.695657
0.857469 0.690762
0.857885 0.691957
0.862812 0.696212
0.857407 0.693763
0.853969 0.692878
0.851221 0.692291
0.851126 0.692807
0.851861 0.694245
0.848553 0.693175
0.848654 0.693907
0.855381 0.698632
0.859287 0.701146
0.856971 0.699555
0.85609 0.69944
0.853511 0.698721
0.854463 0.700359
0.854186 0.701426
0.850298 0.699903
0.856498 0.704521
0.857956 0.706245
0.860894 0.708531
0.858159 0.707068
0.853157 0.703591
0.857179 0.704683
0.85505 0.701897
0.857002 0.702193
0.855657 0.701343
0.858427 0.703469
0.854611 0.701118
0.863213 0.707602
0.860566 0.706979
0.858358 0.705467
0.861045 0.707016
0.861202 0.706998
0.859249 0.704838
0.861151 0.705493
0.856939 0.702552
0.858468 0.702993
0.857884 0.703175
0.851097 0.699498
0.858189 0.705231
0.851756 0.703526
0.852094 0.705748
0.845035 0.703073
0.850602 0.708187
0.852426 0.710695
0.85596 0.714042
0.851759 0.713331
0.851162 0.713912
0.856714 0.718441
0.852834 0.717315
0.847998 0.715644
0.849728 0.717425
0.848749 0.717689
0.850097 0.719852
0.85367 0.722709
0.851756 0.722214
0.852324 0.723136
0.853469 0.724467
0.859652 0.72859
0.863164 0.730823
0.86429 0.731533
0.858147 0.728217
0.85806 0.728351
0.859959 0.728429
0.862123 0.72931
0.860259 0.728636
0.85491 0.725406
0.860105 0.728209
0.857168 0.726157
0.858898 0.727023
0.857837 0.727369
0.856949 0.727721
0.857211 0.727901
0.858445 0.729003
0.858495 0.728693
0.868936 0.734382
0.85789 0.727894
0.854733 0.726066
0.858612 0.728799
0.856753 0.727539
0.857871 0.727892
0.851395 0.723983
0.854882 0.725855
0.862069 0.730767
0.851694 0.725477
0.846222 0.723043
0.84649 0.724304
0.847173 0.726188
0.843388 0.725214
0.840679 0.723821
0.841545 0.725055
0.845385 0.728381
0.847088 0.729921
0.85046 0.731656
0.849067 0.73216
0.852555 0.735292
0.852542 0.736377
0.856072 0.740007
0.861235 0.74261
0.861691 0.743821
0.863603 0.744242
0.861804 0.743017
0.855982 0.73869
0.860791 0.73962
0.862985 0.739693
0.856175 0.734999
0.855469 0.733819
0.853579 0.7322
0.851598 0.731156
0.850585 0.731107
0.856726 0.734708
0.846445 0.729179
0.849184 0.730667
0.857921 0.735404
0.848919 0.73001
0.858606 0.736298
0.855109 0.735537
0.853416 0.735882
0.855715 0.738792
0.84808 0.735098
0.849805 0.736845
0.853089 0.739528
0.849865 0.73904
0.849973 0.740729
0.852578 0.743467
0.851285 0.744024
0.851681 0.746265
0.838942 0.740649
0.849827 0.748463
0.848527 0.749077
0.849201 0.750234
0.844387 0.74895
0.839054 0.747124
0.834919 0.7458
0.835588 0.746897
0.829804 0.743418
0.838771 0.748758
0.840816 0.750056
0.839491 0.748936
0.834993 0.745688
0.83467 0.745155
0.831249 0.74193
0.832823 0.741148
0.829881 0.738327
0.830147 0.738237
0.828013 0.736665
0.827425 0.736818
0.827976 0.737578
0.825531 0.736839
0.823315 0.736515
0.829675 0.740512
0.83855 0.746368
0.831318 0.74327
0.834166 0.745999
0.829059 0.742991
0.828364 0.7434
0.833426 0.747226
0.828796 0.74546
0.826016 0.744335
0.82375 0.743238
0.826001 0.745089
0.824789 0.744767
0.826946 0.746025
0.829605 0.748051
0.824361 0.74584
0.82285 0.745387
0.831402 0.750878
0.831361 0.750949
0.829783 0.749873
0.830827 0.750358
0.837574 0.753788
0.836712 0.752688
0.835873 0.752268
0.83006 0.749523
0.832067 0.751485
0.833833 0.753816
0.832029 0.75399
0.834231 0.756364
0.833743 0.7564
0.831169 0.754595
0.823457 0.749719
0.82269 0.748756
0.822139 0.748925
0.819393 0.747076
0.819742 0.747053
0.822361 0.748438
0.820771 0.747727
0.824041 0.750277
0.817458 0.746361
0.811595 0.74211
0.814997 0.743715
0.82101 0.746203
0.823416 0.746126
0.82762 0.747254
0.831824 0.749336
0.83107 0.748542
0.828539 0.746812
0.829935 0.747509
0.825236 0.744192
0.824986 0.743677
0.825053 0.743459
0.82947 0.745798
0.828893 0.746172
0.835146 0.750173
0.835358 0.750923
0.836594 0.751703
0.83173 0.748287
0.831465 0.748722
0.834333 0.751611
0.827049 0.747903
0.828317 0.749985
0.83136 0.752962
0.833672 0.754495
0.832297 0.754121
0.826748 0.750987
0.821802 0.749189
0.825625 0.751859
0.826867 0.752902
0.835695 0.75731
0.83415 0.756445
0.831669 0.755373
0.83632 0.757419
0.832476 0.754334
0.833417 0.753867
0.835951 0.754374
0.834448 0.752965
0.830383 0.750686
0.831235 0.752042
0.829662 0.751753
0.831922 0.753495
0.8297 0.752784
0.831181 0.754379
0.833329 0.756482
0.835042 0.757577
0.836379 0.757472
0.830833 0.752941
0.831894 0.75249
0.833749 0.752803
0.831619 0.75063
0.834107 0.751704
0.834644 0.751442
0.840431 0.754879
0.844863 0.757328
0.838127 0.753074
0.833502 0.749964
0.833267 0.749252
0.836232 0.750544
0.839936 0.752358
0.84313 0.75371
0.842605 0.753724
0.846884 0.756906
0.84773 0.757755
0.845712 0.756977
0.846423 0.757047
0.850415 0.758721
0.848391 0.75689
0.841814 0.752858
0.83812 0.750873
0.83728 0.750131
0.839776 0.750322
0.839833 0.749272
0.843433 0.749928
0.844192 0.748964
0.843704 0.746321
0.842561 0.743365
0.848286 0.745477
0.849151 0.744852
0.84567 0.740705
0.843822 0.737901
0.847834 0.738416
0.850188 0.738595
0.851223 0.739003
0.856422 0.741985
0.852858 0.739068
0.858429 0.742172
0.861001 0.743588
0.864175 0.745189
0.859748 0.742049
0.859153 0.741878
0.86724 0.74675
0.866179 0.745332
0.864547 0.743534
0.8637 0.743357
0.858482 0.740417
0.853153 0.738189
0.854838 0.739695
0.850433 0.735771
0.847873 0.732692
0.847776 0.732172
0.850994 0.73415
0.853552 0.735063
0.856068 0.736365
0.860072 0.739245
0.858293 0.73971
0.85466 0.73782
0.856739 0.739601
0.856218 0.739735
0.847008 0.735061
0.844419 0.735462
0.843419 0.736553
0.84138 0.736288
0.842863 0.737799
0.842535 0.737217
0.843463 0.737524
0.84292 0.737028
0.843225 0.737004
0.844053 0.737365
0.840122 0.735245
0.839424 0.735121
0.842688 0.737234
0.842293 0.736831
0.841199 0.735572
0.841218 0.735637
0.84181 0.736706
0.839028 0.734998
0.845648 0.738412
0.845489 0.736998
0.841925 0.735139
0.845609 0.737803
0.843217 0.73739
0.839341 0.735711
0.831541 0.731658
0.825316 0.728519
0.827223 0.729914
0.83208 0.732037
0.836165 0.733065
0.840188 0.733919
0.846555 0.736565
0.847122 0.735728
0.8438 0.73276
0.843404 0.731944
0.839599 0.728248
0.836675 0.726088
0.834612 0.723908
0.834719 0.722869
0.834581 0.722344
0.840756 0.724438
0.844697 0.725045
0.844604 0.723863
0.845545 0.722999
0.84849 0.723191
0.850248 0.721943
0.856588 0.723676
0.855765 0.721546
0.854292 0.720935
0.854928 0.720943
0.857368 0.723202
0.859093 0.723728
0.856852 0.72187
0.858212 0.722189
0.873181 0.731925
0.863066 0.726024
0.860853 0.724014
0.86412 0.725577
0.862036 0.724276
0.858029 0.721767
0.859139 0.72205
0.859681 0.722532
0.853721 0.718472
0.853401 0.717365
0.861213 0.721263
0.86037 0.71946
0.86152 0.718694
0.871244 0.722182
0.864252 0.71581
0.868453 0.716413
0.870648 0.71554
0.869266 0.713079
0.869371 0.711063
0.865245 0.707055
0.865514 0.706334
0.871165 0.709382
0.871276 0.708187
0.86369 0.701686
0.863733 0.700147
0.86718 0.701422
0.873372 0.704081
0.8702 0.701473
0.865417 0.69826
0.868189 0.699793
0.871485 0.700959
0.873352 0.702442
0.874195 0.703282
0.871902 0.702046
0.868316 0.700626
0.866286 0.698989
0.862069 0.69647
0.857299 0.692936
0.856795 0.690877
0.859184 0.691999
0.863967 0.695799
0.868026 0.702037
0.861362 0.698899
0.85893 0.699036
0.858628 0.700848
0.860298 0.704045
0.852925 0.701147
0.851732 0.702839
0.853667 0.706076
0.857235 0.709767
0.853599 0.707827
0.860172 0.712593
0.852491 0.70716
0.853574 0.708397
0.851748 0.706998
0.854093 0.709087
0.85546 0.710824
0.853503 0.710044
0.855167 0.711431
0.860829 0.71541
0.860035 0.714786
0.859459 0.715308
0.861776 0.717792
0.857411 0.715477
0.855645 0.714548
0.856672 0.714926
0.860797 0.717605
0.864023 0.720165
0.862385 0.719239
0.859912 0.717289
0.86405 0.71982
0.866726 0.72138
0.866174 0.720369
0.864366 0.718487
0.864181 0.717939
0.861118 0.716037
0.861616 0.716815
0.862842 0.718397
0.865139 0.720599
0.859625 0.718427
0.856101 0.71747
0.858879 0.720441
0.85523 0.719276
0.853615 0.718441
0.853871 0.719291
0.857769 0.722857
0.858788 0.724203
0.8572 0.724213
0.861954 0.728202
0.86278 0.729995
0.85824 0.728439
0.8538 0.72658
0.85536 0.728415
0.854586 0.728415
0.856903 0.729827
0.862057 0.733653
0.853984 0.729403
0.850729 0.728174
0.840133 0.722606
0.83896 0.723197
0.841383 0.725915
0.84379 0.728739
0.841371 0.728318
0.845203 0.731643
0.840822 0.729275
0.850048 0.735662
0.851041 0.736689
0.851554 0.737338
0.85143 0.737728
0.841349 0.731808
0.848506 0.736983
0.843332 0.734298
0.843038 0.733541
0.844237 0.734375
0.848673 0.736911
0.853503 0.739817
0.850754 0.738193
0.852022 0.739411
0.848319 0.737934
0.853674 0.742132
0.853259 0.742164
0.848265 0.740385
0.848987 0.741057
0.846958 0.74101
0.843544 0.740484
0.840787 0.740545
0.840317 0.741123
0.844476 0.74474
0.83469 0.740497
0.830484 0.739357
0.82506 0.737511
0.831148 0.742672
0.827088 0.742239
0.824122 0.741435
0.824979 0.74305
0.828021 0.744528
0.829251 0.74467
0.83078 0.745835
0.830076 0.745613
0.83079 0.745987
0.832302 0.74698
0.833309 0.74802
0.832589 0.747554
0.834605 0.748309
0.837341 0.749901
0.833816 0.747746
0.836703 0.748869
0.835189 0.747943
0.837642 0.749991
0.836392 0.750288
0.833889 0.749349
0.840001 0.753551
0.836221 0.752067
0.830657 0.749604
0.82949 0.74967
0.829524 0.749875
0.832963 0.751419
0.831213 0.749242
0.83164 0.747877
0.83321 0.747184
0.832156 0.745552
0.832517 0.744661
0.83585 0.745258
0.833544 0.742541
0.833434 0.741102
0.83224 0.739414
0.840454 0.743546
0.845339 0.746466
0.844337 0.746104
0.840663 0.74387
0.840282 0.744172
0.838943 0.744232
0.840991 0.745833
0.838124 0.744744
0.838094 0.745858
0.834138 0.74523
0.830186 0.744083
0.829796 0.744549
0.82643 0.742413
0.82967 0.74423
0.831961 0.746418
0.830388 0.74627
0.834615 0.748802
0.831144 0.746751
0.831288 0.746897
0.831967 0.747622
0.829585 0.7469
0.827796 0.746588
0.829973 0.74803
0.830163 0.747849
0.829644 0.747872
0.832847 0.749752
0.8304 0.748405
0.827 0.74594
0.823927 0.744306
0.822277 0.743463
0.823059 0.743302
0.825507 0.744439
0.827406 0.745135
0.83458 0.748445
0.838495 0.749701
0.84094 0.750324
0.84299 0.750457
0.842514 0.749264
0.838009 0.745565
0.839452 0.745807
0.841826 0.747026
0.845019 0.748382
0.838109 0.743907
0.82865 0.737643
0.826677 0.735619
0.834955 0.739612
0.832003 0.737077
0.830571 0.73592
0.834661 0.738158
0.838367 0.739854
0.841207 0.741418
0.836863 0.738859
0.834546 0.737349
0.832268 0.735717
0.833687 0.735832
0.840738 0.739376
0.845792 0.741305
0.844556 0.739939
0.841407 0.737673
0.840853 0.736492
0.8375 0.734224
0.839425 0.734915
0.84047 0.73582
0.842559 0.738547
0.838488 0.736978
0.83665 0.73693
0.833731 0.735907
0.832789 0.735429
0.836097 0.73764
0.834768 0.737025
0.837913 0.738467
0.835551 0.736471
0.835718 0.736088
0.838059 0.736466
0.837096 0.735114
0.835333 0.732515
0.83374 0.729994
0.837867 0.731518
0.841366 0.732492
0.851127 0.736919
0.849636 0.735591
0.848768 0.734685
0.844218 0.732055
0.837711 0.728398
0.838445 0.729447
0.836785 0.729078
0.8381 0.730168
0.842739 0.732683
0.83856 0.73066
0.839219 0.731661
0.835858 0.730718
0.834128 0.731189
0.835644 0.733311
0.838451 0.735494
0.837847 0.736264
0.835275 0.735759
0.835583 0.73708
0.839789 0.740739
0.842779 0.743957
0.84323 0.743665
0.837157 0.741336
0.835394 0.741236
0.837385 0.743058
0.835695 0.742395
0.836301 0.742898
0.836871 0.743639
0.83783 0.744508
0.837292 0.744014
0.838839 0.745599
0.836851 0.745053
0.835239 0.744733
0.832506 0.743709
0.832201 0.744353
0.830483 0.744108
0.83512 0.746998
0.8389 0.749012
0.838617 0.74882
0.83649 0.748043
0.841626 0.75154
0.841176 0.75219
0.843391 0.754514
0.841427 0.754735
0.839414 0.755502
0.839272 0.757135
0.838918 0.757625
0.839317 0.758427
0.835577 0.756561
0.833193 0.755286
0.831882 0.754861
0.832171 0.75554
0.833664 0.756845
0.831744 0.756101
0.827984 0.754308
0.820713 0.750273
0.818519 0.748485
0.820667 0.750059
0.824549 0.752579
0.821168 0.750336
0.81538 0.746832
0.815559 0.747038
0.817965 0.748697
0.821721 0.750719
0.822886 0.751078
0.823178 0.750993
0.823285 0.750839
0.826121 0.751947
0.827561 0.753072
0.826989 0.753361
0.824737 0.753165
0.82971 0.756893
0.827861 0.757188
0.826978 0.758057
0.83216 0.761937
0.828987 0.761624
0.830634 0.763404
0.825007 0.760935
0.828034 0.762905
0.824626 0.761508
0.823785 0.761255
0.82269 0.760676
0.827471 0.763058
0.83145 0.764906
0.839003 0.768073
0.839071 0.768206
0.841712 0.769168
0.842528 0.769192
0.837787 0.76591
0.841205 0.76629
0.846311 0.767884
0.841965 0.76573
0.843262 0.766269
0.850273 0.769607
0.852206 0.770184
0.847836 0.767761
0.852598 0.770712
0.85228 0.771794
0.844985 0.769042
0.844571 0.769422
0.840461 0.768088
0.839267 0.768014
0.838773 0.76787
0.841296 0.769458
0.83901 0.767947
0.83908 0.76716
0.841567 0.767092
0.841205 0.765777
0.836315 0.763047
0.835502 0.762661
0.832377 0.761618
0.832116 0.761751
0.83373 0.762425
0.837189 0.763862
0.831233 0.760119
0.827558 0.756924
0.831641 0.758387
0.837183 0.760945
0.836887 0.759699
0.838486 0.759452
0.832162 0.754735
0.832625 0.752734
0.838297 0.753852
0.834442 0.750294
0.833713 0.748705
0.834733 0.747908
0.834379 0.746121
0.837407 0.746309
0.838058 0.744802
0.842348 0.7455
0.842937 0.744228
0.839395 0.742336
0.835062 0.739808
0.832692 0.738639
0.831279 0.738025
0.830172 0.737683
0.831689 0.739162
0.83476 0.741431
0.836944 0.742769
0.831407 0.739759
0.833296 0.741171
0.836007 0.743443
0.834861 0.743341
0.832252 0.742554
0.834377 0.74475
0.825455 0.739712
0.825266 0.740294
0.82931 0.744016
0.833183 0.747109
0.827949 0.745021
0.831884 0.748009
0.831441 0.748142
0.831559 0.748296
0.826185 0.745251
0.826305 0.745115
0.828614 0.745641
0.831789 0.746519
0.827795 0.744823
0.831791 0.74653
0.834114 0.747621
0.837098 0.748925
0.835893 0.748265
0.835247 0.747773
0.833759 0.746569
0.834995 0.747008
0.829682 0.743394
0.832056 0.744866
0.834376 0.746449
0.833801 0.745936
0.829859 0.743873
0.829064 0.743658
0.830708 0.744482
0.833009 0.744755
0.835122 0.744896
0.833734 0.742994
0.832137 0.741767
0.828096 0.739996
0.834938 0.745231
0.835016 0.745103
0.82998 0.742354
0.825367 0.739283
0.825516 0.738523
0.826944 0.738318
0.828311 0.738269
0.828768 0.737972
0.828428 0.736805
0.830482 0.737309
0.834419 0.739278
0.83826 0.740779
0.841653 0.741702
0.841056 0.739995
0.840651 0.738529
0.846021 0.739792
0.850545 0.740993
0.856884 0.743468
0.856465 0.742169
0.853921 0.739426
0.8539 0.738212
0.855087 0.738462
0.852729 0.736538
0.852757 0.736726
